,id,link_id
0,gaqv3py,t3_jlmv1m
1,gaqv3rk,t3_jlkz1q
2,gaqv40o,t3_jlmv1m
3,gaqv4av,t3_jlp4tv
4,gaqv4c9,t3_jlkz1q
5,gaqv4m0,t3_jlmv1m
6,gaqv4p4,t3_jlkz1q
7,gaqv4qr,t3_jlnbnr
8,gaqv4zd,t3_jlgwiz
9,gaqv508,t3_jlj26s
10,gaqv597,t3_jlhr2i
11,gaqv5qb,t3_jll3r9
12,gaqv5s3,t3_jlp4tv
13,gaqv626,t3_jk9pqe
14,gaqv6ch,t3_jlnbnr
15,gaqv6e3,t3_jlkz1q
16,gaqv6qp,t3_jlkz1q
17,gaqv6sn,t3_jldpu2
18,gaqv6sx,t3_jlkz1q
19,gaqv6x9,t3_jldpu2
20,gaqv6xf,t3_jlkz1q
21,gaqv764,t3_jlkz1q
22,gaqv7ia,t3_jlksos
23,gaqv7xc,t3_jlmv1m
24,gaqv7yh,t3_jlkz1q
25,gaqv7ym,t3_jlkz1q
26,gaqv89m,t3_jlkz1q
27,gaqv8jt,t3_jlkz1q
28,gaqv8kf,t3_jls5lf
29,gaqv91v,t3_jlkz1q
30,gaqv952,t3_jlkz1q
31,gaqv96w,t3_jlkz1q
32,gaqv9f6,t3_jlj3y8
33,gaqv9gj,t3_jls50o
34,gaqv9hl,t3_jlkz1q
35,gaqv9ms,t3_jlkz1q
36,gaqv9sv,t3_jlkz1q
37,gaqv9t1,t3_jlnbnr
38,gaqva00,t3_jlnbnr
39,gaqva3q,t3_jlnbnr
40,gaqva76,t3_jll3r9
41,gaqvag8,t3_jhf87z
42,gaqvah8,t3_jlkz1q
43,gaqvahi,t3_jlrlii
44,gaqvaih,t3_jlstan
45,gaqvain,t3_jlkz1q
46,gaqvan9,t3_jlkz1q
47,gaqvanv,t3_jlkz1q
48,gaqvb77,t3_jlf99p
49,gaqvbc0,t3_jlkz1q
50,gaqvbj0,t3_jlkz1q
51,gaqvbjk,t3_jll3r9
52,gaqvbzv,t3_jlkz1q
53,gaqvc8d,t3_jlkz1q
54,gaqvc8v,t3_jlkz1q
55,gaqvcfa,t3_jl4eoi
56,gaqvcfx,t3_jlksos
57,gaqvcni,t3_jlkz1q
58,gaqvcrx,t3_jldpu2
59,gaqvcyq,t3_jlkz1q
60,gaqvd09,t3_jlkz1q
61,gaqvd10,t3_jlksos
62,gaqvdib,t3_jlo5t6
63,gaqvdie,t3_jlmv1m
64,gaqvdih,t3_jll3r9
65,gaqvdo1,t3_jlmv1m
66,gaqvdtd,t3_jlkz1q
67,gaqve1p,t3_jlkz1q
68,gaqveax,t3_jllrlg
69,gaqvef3,t3_jlrlii
70,gaqvelh,t3_jlnbnr
71,gaqvetb,t3_jll3r9
72,gaqvevn,t3_jlksos
73,gaqvf3c,t3_jlnbnr
74,gaqvf5n,t3_jkd8dr
75,gaqvf6w,t3_jl5wda
76,gaqvfcs,t3_jlkz1q
77,gaqvfno,t3_jlmv1m
78,gaqvfpy,t3_jlmv1m
79,gaqvg1y,t3_jlkz1q
80,gaqvg4a,t3_jlnbnr
81,gaqvg4j,t3_jlmv1m
82,gaqvgbk,t3_jlnbnr
83,gaqvghc,t3_jlnbnr
84,gaqvgu9,t3_jlhr2i
85,gaqvgv3,t3_jlhv3v
86,gaqvh8o,t3_jlnbnr
87,gaqvhaw,t3_jlkz1q
88,gaqvhhp,t3_jlkz1q
89,gaqvhir,t3_jlhr2i
90,gaqvhkj,t3_jlrlii
91,gaqvhl1,t3_jlnbnr
92,gaqvhpv,t3_jlkz1q
93,gaqvhto,t3_jlkz1q
94,gaqvhu7,t3_jl5wda
95,gaqvi19,t3_jlrlii
96,gaqvik8,t3_jlksos
97,gaqvjg5,t3_jkvnwz
98,gaqvjgk,t3_jlo47q
99,gaqvjih,t3_jlmv1m
100,gaqv3py,t3_jlmv1m
101,gaqv3rk,t3_jlkz1q
102,gaqv40o,t3_jlmv1m
103,gaqv4av,t3_jlp4tv
104,gaqv4c9,t3_jlkz1q
105,gaqv4m0,t3_jlmv1m
106,gaqv4p4,t3_jlkz1q
107,gaqv4qr,t3_jlnbnr
108,gaqv4zd,t3_jlgwiz
109,gaqv508,t3_jlj26s
110,gaqv597,t3_jlhr2i
111,gaqv5qb,t3_jll3r9
112,gaqv5s3,t3_jlp4tv
113,gaqv626,t3_jk9pqe
114,gaqv6ch,t3_jlnbnr
115,gaqv6e3,t3_jlkz1q
116,gaqv6qp,t3_jlkz1q
117,gaqv6sn,t3_jldpu2
118,gaqv6sx,t3_jlkz1q
119,gaqv6x9,t3_jldpu2
120,gaqv6xf,t3_jlkz1q
121,gaqv764,t3_jlkz1q
122,gaqv7ia,t3_jlksos
123,gaqv7xc,t3_jlmv1m
124,gaqv7yh,t3_jlkz1q
125,gaqv7ym,t3_jlkz1q
126,gaqv89m,t3_jlkz1q
127,gaqv8jt,t3_jlkz1q
128,gaqv8kf,t3_jls5lf
129,gaqv91v,t3_jlkz1q
130,gaqv952,t3_jlkz1q
131,gaqv96w,t3_jlkz1q
132,gaqv9f6,t3_jlj3y8
133,gaqv9gj,t3_jls50o
134,gaqv9hl,t3_jlkz1q
135,gaqv9ms,t3_jlkz1q
136,gaqv9sv,t3_jlkz1q
137,gaqv9t1,t3_jlnbnr
138,gaqva00,t3_jlnbnr
139,gaqva3q,t3_jlnbnr
140,gaqva76,t3_jll3r9
141,gaqvag8,t3_jhf87z
142,gaqvah8,t3_jlkz1q
143,gaqvahi,t3_jlrlii
144,gaqvaih,t3_jlstan
145,gaqvain,t3_jlkz1q
146,gaqvan9,t3_jlkz1q
147,gaqvanv,t3_jlkz1q
148,gaqvb77,t3_jlf99p
149,gaqvbc0,t3_jlkz1q
150,gaqvbj0,t3_jlkz1q
151,gaqvbjk,t3_jll3r9
152,gaqvbzv,t3_jlkz1q
153,gaqvc8d,t3_jlkz1q
154,gaqvc8v,t3_jlkz1q
155,gaqvcfa,t3_jl4eoi
156,gaqvcfx,t3_jlksos
157,gaqvcni,t3_jlkz1q
158,gaqvcrx,t3_jldpu2
159,gaqvcyq,t3_jlkz1q
160,gaqvd09,t3_jlkz1q
161,gaqvd10,t3_jlksos
162,gaqvdib,t3_jlo5t6
163,gaqvdie,t3_jlmv1m
164,gaqvdih,t3_jll3r9
165,gaqvdo1,t3_jlmv1m
166,gaqvdtd,t3_jlkz1q
167,gaqve1p,t3_jlkz1q
168,gaqveax,t3_jllrlg
169,gaqvef3,t3_jlrlii
170,gaqvelh,t3_jlnbnr
171,gaqvetb,t3_jll3r9
172,gaqvevn,t3_jlksos
173,gaqvf3c,t3_jlnbnr
174,gaqvf5n,t3_jkd8dr
175,gaqvf6w,t3_jl5wda
176,gaqvfcs,t3_jlkz1q
177,gaqvfno,t3_jlmv1m
178,gaqvfpy,t3_jlmv1m
179,gaqvg1y,t3_jlkz1q
180,gaqvg4a,t3_jlnbnr
181,gaqvg4j,t3_jlmv1m
182,gaqvgbk,t3_jlnbnr
183,gaqvghc,t3_jlnbnr
184,gaqvgu9,t3_jlhr2i
185,gaqvgv3,t3_jlhv3v
186,gaqvh8o,t3_jlnbnr
187,gaqvhaw,t3_jlkz1q
188,gaqvhhp,t3_jlkz1q
189,gaqvhir,t3_jlhr2i
190,gaqvhkj,t3_jlrlii
191,gaqvhl1,t3_jlnbnr
192,gaqvhpv,t3_jlkz1q
193,gaqvhto,t3_jlkz1q
194,gaqvhu7,t3_jl5wda
195,gaqvi19,t3_jlrlii
196,gaqvik8,t3_jlksos
197,gaqvjg5,t3_jkvnwz
198,gaqvjgk,t3_jlo47q
199,gaqv3py,t3_jlmv1m
200,gaqv3rk,t3_jlkz1q
201,gaqv40o,t3_jlmv1m
202,gaqv4av,t3_jlp4tv
203,gaqv4c9,t3_jlkz1q
204,gaqv4m0,t3_jlmv1m
205,gaqv4p4,t3_jlkz1q
206,gaqv4qr,t3_jlnbnr
207,gaqv4zd,t3_jlgwiz
208,gaqv508,t3_jlj26s
209,gaqv597,t3_jlhr2i
210,gaqv5qb,t3_jll3r9
211,gaqv5s3,t3_jlp4tv
212,gaqv626,t3_jk9pqe
213,gaqv6ch,t3_jlnbnr
214,gaqv6e3,t3_jlkz1q
215,gaqv6qp,t3_jlkz1q
216,gaqv6sn,t3_jldpu2
217,gaqv6sx,t3_jlkz1q
218,gaqv6x9,t3_jldpu2
219,gaqv6xf,t3_jlkz1q
220,gaqv764,t3_jlkz1q
221,gaqv7ia,t3_jlksos
222,gaqv7xc,t3_jlmv1m
223,gaqv7yh,t3_jlkz1q
224,gaqv7ym,t3_jlkz1q
225,gaqv89m,t3_jlkz1q
226,gaqv8jt,t3_jlkz1q
227,gaqv8kf,t3_jls5lf
228,gaqv91v,t3_jlkz1q
229,gaqv952,t3_jlkz1q
230,gaqv96w,t3_jlkz1q
231,gaqv9f6,t3_jlj3y8
232,gaqv9gj,t3_jls50o
233,gaqv9hl,t3_jlkz1q
234,gaqv9ms,t3_jlkz1q
235,gaqv9sv,t3_jlkz1q
236,gaqv9t1,t3_jlnbnr
237,gaqva00,t3_jlnbnr
238,gaqva3q,t3_jlnbnr
239,gaqva76,t3_jll3r9
240,gaqvag8,t3_jhf87z
241,gaqvah8,t3_jlkz1q
242,gaqvahi,t3_jlrlii
243,gaqvaih,t3_jlstan
244,gaqvain,t3_jlkz1q
245,gaqvan9,t3_jlkz1q
246,gaqvanv,t3_jlkz1q
247,gaqvb77,t3_jlf99p
248,gaqvbc0,t3_jlkz1q
249,gaqvbj0,t3_jlkz1q
250,gaqvbjk,t3_jll3r9
251,gaqvbzv,t3_jlkz1q
252,gaqvc8d,t3_jlkz1q
253,gaqvc8v,t3_jlkz1q
254,gaqvcfa,t3_jl4eoi
255,gaqvcfx,t3_jlksos
256,gaqvcni,t3_jlkz1q
257,gaqvcrx,t3_jldpu2
258,gaqvcyq,t3_jlkz1q
259,gaqvd09,t3_jlkz1q
260,gaqvd10,t3_jlksos
261,gaqvdib,t3_jlo5t6
262,gaqvdie,t3_jlmv1m
263,gaqvdih,t3_jll3r9
264,gaqvdo1,t3_jlmv1m
265,gaqvdtd,t3_jlkz1q
266,gaqve1p,t3_jlkz1q
267,gaqveax,t3_jllrlg
268,gaqvef3,t3_jlrlii
269,gaqvelh,t3_jlnbnr
270,gaqvetb,t3_jll3r9
271,gaqvevn,t3_jlksos
272,gaqvf3c,t3_jlnbnr
273,gaqvf5n,t3_jkd8dr
274,gaqvf6w,t3_jl5wda
275,gaqvfcs,t3_jlkz1q
276,gaqvfno,t3_jlmv1m
277,gaqvfpy,t3_jlmv1m
278,gaqvg1y,t3_jlkz1q
279,gaqvg4a,t3_jlnbnr
280,gaqvg4j,t3_jlmv1m
281,gaqvgbk,t3_jlnbnr
282,gaqvghc,t3_jlnbnr
283,gaqvgu9,t3_jlhr2i
284,gaqvgv3,t3_jlhv3v
285,gaqvh8o,t3_jlnbnr
286,gaqvhaw,t3_jlkz1q
287,gaqvhhp,t3_jlkz1q
288,gaqvhir,t3_jlhr2i
289,gaqvhkj,t3_jlrlii
290,gaqvhl1,t3_jlnbnr
291,gaqvhpv,t3_jlkz1q
292,gaqvhto,t3_jlkz1q
293,gaqvhu7,t3_jl5wda
294,gaqvi19,t3_jlrlii
295,gaqvik8,t3_jlksos
296,gaqv3py,t3_jlmv1m
297,gaqv3rk,t3_jlkz1q
298,gaqv40o,t3_jlmv1m
299,gaqv4av,t3_jlp4tv
300,gaqv4c9,t3_jlkz1q
301,gaqv4m0,t3_jlmv1m
302,gaqv4p4,t3_jlkz1q
303,gaqv4qr,t3_jlnbnr
304,gaqv4zd,t3_jlgwiz
305,gaqv508,t3_jlj26s
306,gaqv597,t3_jlhr2i
307,gaqv5qb,t3_jll3r9
308,gaqv5s3,t3_jlp4tv
309,gaqv626,t3_jk9pqe
310,gaqv6ch,t3_jlnbnr
311,gaqv6e3,t3_jlkz1q
312,gaqv6qp,t3_jlkz1q
313,gaqv6sn,t3_jldpu2
314,gaqv6sx,t3_jlkz1q
315,gaqv6x9,t3_jldpu2
316,gaqv6xf,t3_jlkz1q
317,gaqv764,t3_jlkz1q
318,gaqv7ia,t3_jlksos
319,gaqv7xc,t3_jlmv1m
320,gaqv7yh,t3_jlkz1q
321,gaqv7ym,t3_jlkz1q
322,gaqv89m,t3_jlkz1q
323,gaqv8jt,t3_jlkz1q
324,gaqv8kf,t3_jls5lf
325,gaqv91v,t3_jlkz1q
326,gaqv952,t3_jlkz1q
327,gaqv96w,t3_jlkz1q
328,gaqv9f6,t3_jlj3y8
329,gaqv9gj,t3_jls50o
330,gaqv9hl,t3_jlkz1q
331,gaqv9ms,t3_jlkz1q
332,gaqv9sv,t3_jlkz1q
333,gaqv9t1,t3_jlnbnr
334,gaqva00,t3_jlnbnr
335,gaqva3q,t3_jlnbnr
336,gaqva76,t3_jll3r9
337,gaqvag8,t3_jhf87z
338,gaqvah8,t3_jlkz1q
339,gaqvahi,t3_jlrlii
340,gaqvaih,t3_jlstan
341,gaqvain,t3_jlkz1q
342,gaqvan9,t3_jlkz1q
343,gaqvanv,t3_jlkz1q
344,gaqvb77,t3_jlf99p
345,gaqvbc0,t3_jlkz1q
346,gaqvbj0,t3_jlkz1q
347,gaqvbjk,t3_jll3r9
348,gaqvbzv,t3_jlkz1q
349,gaqvc8d,t3_jlkz1q
350,gaqvc8v,t3_jlkz1q
351,gaqvcfa,t3_jl4eoi
352,gaqvcfx,t3_jlksos
353,gaqvcni,t3_jlkz1q
354,gaqvcrx,t3_jldpu2
355,gaqvcyq,t3_jlkz1q
356,gaqvd09,t3_jlkz1q
357,gaqvd10,t3_jlksos
358,gaqvdib,t3_jlo5t6
359,gaqvdie,t3_jlmv1m
360,gaqvdih,t3_jll3r9
361,gaqvdo1,t3_jlmv1m
362,gaqvdtd,t3_jlkz1q
363,gaqve1p,t3_jlkz1q
364,gaqveax,t3_jllrlg
365,gaqvef3,t3_jlrlii
366,gaqvelh,t3_jlnbnr
367,gaqvetb,t3_jll3r9
368,gaqvevn,t3_jlksos
369,gaqvf3c,t3_jlnbnr
370,gaqvf5n,t3_jkd8dr
371,gaqvf6w,t3_jl5wda
372,gaqvfcs,t3_jlkz1q
373,gaqvfno,t3_jlmv1m
374,gaqvfpy,t3_jlmv1m
375,gaqvg1y,t3_jlkz1q
376,gaqvg4a,t3_jlnbnr
377,gaqvg4j,t3_jlmv1m
378,gaqvgbk,t3_jlnbnr
379,gaqvghc,t3_jlnbnr
380,gaqvgu9,t3_jlhr2i
381,gaqvgv3,t3_jlhv3v
382,gaqvh8o,t3_jlnbnr
383,gaqvhaw,t3_jlkz1q
384,gaqvhhp,t3_jlkz1q
385,gaqvhir,t3_jlhr2i
386,gaqvhkj,t3_jlrlii
387,gaqvhl1,t3_jlnbnr
388,gaqvhpv,t3_jlkz1q
389,gaqvhto,t3_jlkz1q
390,gaqvhu7,t3_jl5wda
391,gaqvi19,t3_jlrlii
392,gaqv3py,t3_jlmv1m
393,gaqv3rk,t3_jlkz1q
394,gaqv40o,t3_jlmv1m
395,gaqv4av,t3_jlp4tv
396,gaqv4c9,t3_jlkz1q
397,gaqv4m0,t3_jlmv1m
398,gaqv4p4,t3_jlkz1q
399,gaqv4qr,t3_jlnbnr
400,gaqv4zd,t3_jlgwiz
401,gaqv508,t3_jlj26s
402,gaqv597,t3_jlhr2i
403,gaqv5qb,t3_jll3r9
404,gaqv5s3,t3_jlp4tv
405,gaqv626,t3_jk9pqe
406,gaqv6ch,t3_jlnbnr
407,gaqv6e3,t3_jlkz1q
408,gaqv6qp,t3_jlkz1q
409,gaqv6sn,t3_jldpu2
410,gaqv6sx,t3_jlkz1q
411,gaqv6x9,t3_jldpu2
412,gaqv6xf,t3_jlkz1q
413,gaqv764,t3_jlkz1q
414,gaqv7ia,t3_jlksos
415,gaqv7xc,t3_jlmv1m
416,gaqv7yh,t3_jlkz1q
417,gaqv7ym,t3_jlkz1q
418,gaqv89m,t3_jlkz1q
419,gaqv8jt,t3_jlkz1q
420,gaqv8kf,t3_jls5lf
421,gaqv91v,t3_jlkz1q
422,gaqv952,t3_jlkz1q
423,gaqv96w,t3_jlkz1q
424,gaqv9f6,t3_jlj3y8
425,gaqv9gj,t3_jls50o
426,gaqv9hl,t3_jlkz1q
427,gaqv9ms,t3_jlkz1q
428,gaqv9sv,t3_jlkz1q
429,gaqv9t1,t3_jlnbnr
430,gaqva00,t3_jlnbnr
431,gaqva3q,t3_jlnbnr
432,gaqva76,t3_jll3r9
433,gaqvag8,t3_jhf87z
434,gaqvah8,t3_jlkz1q
435,gaqvahi,t3_jlrlii
436,gaqvaih,t3_jlstan
437,gaqvain,t3_jlkz1q
438,gaqvan9,t3_jlkz1q
439,gaqvanv,t3_jlkz1q
440,gaqvb77,t3_jlf99p
441,gaqvbc0,t3_jlkz1q
442,gaqvbj0,t3_jlkz1q
443,gaqvbjk,t3_jll3r9
444,gaqvbzv,t3_jlkz1q
445,gaqvc8d,t3_jlkz1q
446,gaqvc8v,t3_jlkz1q
447,gaqvcfa,t3_jl4eoi
448,gaqvcfx,t3_jlksos
449,gaqvcni,t3_jlkz1q
450,gaqvcrx,t3_jldpu2
451,gaqvcyq,t3_jlkz1q
452,gaqvd09,t3_jlkz1q
453,gaqvd10,t3_jlksos
454,gaqvdib,t3_jlo5t6
455,gaqvdie,t3_jlmv1m
456,gaqvdih,t3_jll3r9
457,gaqvdo1,t3_jlmv1m
458,gaqvdtd,t3_jlkz1q
459,gaqve1p,t3_jlkz1q
460,gaqveax,t3_jllrlg
461,gaqvef3,t3_jlrlii
462,gaqvelh,t3_jlnbnr
463,gaqvetb,t3_jll3r9
464,gaqvevn,t3_jlksos
465,gaqvf3c,t3_jlnbnr
466,gaqvf5n,t3_jkd8dr
467,gaqvf6w,t3_jl5wda
468,gaqvfcs,t3_jlkz1q
469,gaqvfno,t3_jlmv1m
470,gaqvfpy,t3_jlmv1m
471,gaqvg1y,t3_jlkz1q
472,gaqvg4a,t3_jlnbnr
473,gaqvg4j,t3_jlmv1m
474,gaqvgbk,t3_jlnbnr
475,gaqvghc,t3_jlnbnr
476,gaqvgu9,t3_jlhr2i
477,gaqvgv3,t3_jlhv3v
478,gaqvh8o,t3_jlnbnr
479,gaqvhaw,t3_jlkz1q
480,gaqvhhp,t3_jlkz1q
481,gaqvhir,t3_jlhr2i
482,gaqvhkj,t3_jlrlii
483,gaqvhl1,t3_jlnbnr
484,gaqvhpv,t3_jlkz1q
485,gaqvhto,t3_jlkz1q
486,gaqvhu7,t3_jl5wda
487,gaqv3py,t3_jlmv1m
488,gaqv3rk,t3_jlkz1q
489,gaqv40o,t3_jlmv1m
490,gaqv4av,t3_jlp4tv
491,gaqv4c9,t3_jlkz1q
492,gaqv4m0,t3_jlmv1m
493,gaqv4p4,t3_jlkz1q
494,gaqv4qr,t3_jlnbnr
495,gaqv4zd,t3_jlgwiz
496,gaqv508,t3_jlj26s
497,gaqv597,t3_jlhr2i
498,gaqv5qb,t3_jll3r9
499,gaqv5s3,t3_jlp4tv
500,gaqv626,t3_jk9pqe
501,gaqv6ch,t3_jlnbnr
502,gaqv6e3,t3_jlkz1q
503,gaqv6qp,t3_jlkz1q
504,gaqv6sn,t3_jldpu2
505,gaqv6sx,t3_jlkz1q
506,gaqv6x9,t3_jldpu2
507,gaqv6xf,t3_jlkz1q
508,gaqv764,t3_jlkz1q
509,gaqv7ia,t3_jlksos
510,gaqv7xc,t3_jlmv1m
511,gaqv7yh,t3_jlkz1q
512,gaqv7ym,t3_jlkz1q
513,gaqv89m,t3_jlkz1q
514,gaqv8jt,t3_jlkz1q
515,gaqv8kf,t3_jls5lf
516,gaqv91v,t3_jlkz1q
517,gaqv952,t3_jlkz1q
518,gaqv96w,t3_jlkz1q
519,gaqv9f6,t3_jlj3y8
520,gaqv9gj,t3_jls50o
521,gaqv9hl,t3_jlkz1q
522,gaqv9ms,t3_jlkz1q
523,gaqv9sv,t3_jlkz1q
524,gaqv9t1,t3_jlnbnr
525,gaqva00,t3_jlnbnr
526,gaqva3q,t3_jlnbnr
527,gaqva76,t3_jll3r9
528,gaqvag8,t3_jhf87z
529,gaqvah8,t3_jlkz1q
530,gaqvahi,t3_jlrlii
531,gaqvaih,t3_jlstan
532,gaqvain,t3_jlkz1q
533,gaqvan9,t3_jlkz1q
534,gaqvanv,t3_jlkz1q
535,gaqvb77,t3_jlf99p
536,gaqvbc0,t3_jlkz1q
537,gaqvbj0,t3_jlkz1q
538,gaqvbjk,t3_jll3r9
539,gaqvbzv,t3_jlkz1q
540,gaqvc8d,t3_jlkz1q
541,gaqvc8v,t3_jlkz1q
542,gaqvcfa,t3_jl4eoi
543,gaqvcfx,t3_jlksos
544,gaqvcni,t3_jlkz1q
545,gaqvcrx,t3_jldpu2
546,gaqvcyq,t3_jlkz1q
547,gaqvd09,t3_jlkz1q
548,gaqvd10,t3_jlksos
549,gaqvdib,t3_jlo5t6
550,gaqvdie,t3_jlmv1m
551,gaqvdih,t3_jll3r9
552,gaqvdo1,t3_jlmv1m
553,gaqvdtd,t3_jlkz1q
554,gaqve1p,t3_jlkz1q
555,gaqveax,t3_jllrlg
556,gaqvef3,t3_jlrlii
557,gaqvelh,t3_jlnbnr
558,gaqvetb,t3_jll3r9
559,gaqvevn,t3_jlksos
560,gaqvf3c,t3_jlnbnr
561,gaqvf5n,t3_jkd8dr
562,gaqvf6w,t3_jl5wda
563,gaqvfcs,t3_jlkz1q
564,gaqvfno,t3_jlmv1m
565,gaqvfpy,t3_jlmv1m
566,gaqvg1y,t3_jlkz1q
567,gaqvg4a,t3_jlnbnr
568,gaqvg4j,t3_jlmv1m
569,gaqvgbk,t3_jlnbnr
570,gaqvghc,t3_jlnbnr
571,gaqvgu9,t3_jlhr2i
572,gaqvgv3,t3_jlhv3v
573,gaqvh8o,t3_jlnbnr
574,gaqvhaw,t3_jlkz1q
575,gaqvhhp,t3_jlkz1q
576,gaqvhir,t3_jlhr2i
577,gaqvhkj,t3_jlrlii
578,gaqvhl1,t3_jlnbnr
579,gaqvhpv,t3_jlkz1q
580,gaqv3py,t3_jlmv1m
581,gaqv3rk,t3_jlkz1q
582,gaqv40o,t3_jlmv1m
583,gaqv4av,t3_jlp4tv
584,gaqv4c9,t3_jlkz1q
585,gaqv4m0,t3_jlmv1m
586,gaqv4p4,t3_jlkz1q
587,gaqv4qr,t3_jlnbnr
588,gaqv4zd,t3_jlgwiz
589,gaqv508,t3_jlj26s
590,gaqv597,t3_jlhr2i
591,gaqv5qb,t3_jll3r9
592,gaqv5s3,t3_jlp4tv
593,gaqv626,t3_jk9pqe
594,gaqv6ch,t3_jlnbnr
595,gaqv6e3,t3_jlkz1q
596,gaqv6qp,t3_jlkz1q
597,gaqv6sn,t3_jldpu2
598,gaqv6sx,t3_jlkz1q
599,gaqv6x9,t3_jldpu2
600,gaqv6xf,t3_jlkz1q
601,gaqv764,t3_jlkz1q
602,gaqv7ia,t3_jlksos
603,gaqv7xc,t3_jlmv1m
604,gaqv7yh,t3_jlkz1q
605,gaqv7ym,t3_jlkz1q
606,gaqv89m,t3_jlkz1q
607,gaqv8jt,t3_jlkz1q
608,gaqv8kf,t3_jls5lf
609,gaqv91v,t3_jlkz1q
610,gaqv952,t3_jlkz1q
611,gaqv96w,t3_jlkz1q
612,gaqv9f6,t3_jlj3y8
613,gaqv9gj,t3_jls50o
614,gaqv9hl,t3_jlkz1q
615,gaqv9ms,t3_jlkz1q
616,gaqv9sv,t3_jlkz1q
617,gaqv9t1,t3_jlnbnr
618,gaqva00,t3_jlnbnr
619,gaqva3q,t3_jlnbnr
620,gaqva76,t3_jll3r9
621,gaqvag8,t3_jhf87z
622,gaqvah8,t3_jlkz1q
623,gaqvahi,t3_jlrlii
624,gaqvaih,t3_jlstan
625,gaqvain,t3_jlkz1q
626,gaqvan9,t3_jlkz1q
627,gaqvanv,t3_jlkz1q
628,gaqvb77,t3_jlf99p
629,gaqvbc0,t3_jlkz1q
630,gaqvbj0,t3_jlkz1q
631,gaqvbjk,t3_jll3r9
632,gaqvbzv,t3_jlkz1q
633,gaqvc8d,t3_jlkz1q
634,gaqvc8v,t3_jlkz1q
635,gaqvcfa,t3_jl4eoi
636,gaqvcfx,t3_jlksos
637,gaqvcni,t3_jlkz1q
638,gaqvcrx,t3_jldpu2
639,gaqvcyq,t3_jlkz1q
640,gaqvd09,t3_jlkz1q
641,gaqvd10,t3_jlksos
642,gaqvdib,t3_jlo5t6
643,gaqvdie,t3_jlmv1m
644,gaqvdih,t3_jll3r9
645,gaqvdo1,t3_jlmv1m
646,gaqvdtd,t3_jlkz1q
647,gaqve1p,t3_jlkz1q
648,gaqveax,t3_jllrlg
649,gaqvef3,t3_jlrlii
650,gaqvelh,t3_jlnbnr
651,gaqvetb,t3_jll3r9
652,gaqvevn,t3_jlksos
653,gaqvf3c,t3_jlnbnr
654,gaqvf5n,t3_jkd8dr
655,gaqvf6w,t3_jl5wda
656,gaqvfcs,t3_jlkz1q
657,gaqvfno,t3_jlmv1m
658,gaqvfpy,t3_jlmv1m
659,gaqvg1y,t3_jlkz1q
660,gaqvg4a,t3_jlnbnr
661,gaqvg4j,t3_jlmv1m
662,gaqvgbk,t3_jlnbnr
663,gaqvghc,t3_jlnbnr
664,gaqvgu9,t3_jlhr2i
665,gaqvgv3,t3_jlhv3v
666,gaqvh8o,t3_jlnbnr
667,gaqvhaw,t3_jlkz1q
668,gaqvhhp,t3_jlkz1q
669,gaqvhir,t3_jlhr2i
670,gaqvhkj,t3_jlrlii
671,gaqvhl1,t3_jlnbnr
672,gaqv3py,t3_jlmv1m
673,gaqv3rk,t3_jlkz1q
674,gaqv40o,t3_jlmv1m
675,gaqv4av,t3_jlp4tv
676,gaqv4c9,t3_jlkz1q
677,gaqv4m0,t3_jlmv1m
678,gaqv4p4,t3_jlkz1q
679,gaqv4qr,t3_jlnbnr
680,gaqv4zd,t3_jlgwiz
681,gaqv508,t3_jlj26s
682,gaqv597,t3_jlhr2i
683,gaqv5qb,t3_jll3r9
684,gaqv5s3,t3_jlp4tv
685,gaqv626,t3_jk9pqe
686,gaqv6ch,t3_jlnbnr
687,gaqv6e3,t3_jlkz1q
688,gaqv6qp,t3_jlkz1q
689,gaqv6sn,t3_jldpu2
690,gaqv6sx,t3_jlkz1q
691,gaqv6x9,t3_jldpu2
692,gaqv6xf,t3_jlkz1q
693,gaqv764,t3_jlkz1q
694,gaqv7ia,t3_jlksos
695,gaqv7xc,t3_jlmv1m
696,gaqv7yh,t3_jlkz1q
697,gaqv7ym,t3_jlkz1q
698,gaqv89m,t3_jlkz1q
699,gaqv8jt,t3_jlkz1q
700,gaqv8kf,t3_jls5lf
701,gaqv91v,t3_jlkz1q
702,gaqv952,t3_jlkz1q
703,gaqv96w,t3_jlkz1q
704,gaqv9f6,t3_jlj3y8
705,gaqv9gj,t3_jls50o
706,gaqv9hl,t3_jlkz1q
707,gaqv9ms,t3_jlkz1q
708,gaqv9sv,t3_jlkz1q
709,gaqv9t1,t3_jlnbnr
710,gaqva00,t3_jlnbnr
711,gaqva3q,t3_jlnbnr
712,gaqva76,t3_jll3r9
713,gaqvag8,t3_jhf87z
714,gaqvah8,t3_jlkz1q
715,gaqvahi,t3_jlrlii
716,gaqvaih,t3_jlstan
717,gaqvain,t3_jlkz1q
718,gaqvan9,t3_jlkz1q
719,gaqvanv,t3_jlkz1q
720,gaqvb77,t3_jlf99p
721,gaqvbc0,t3_jlkz1q
722,gaqvbj0,t3_jlkz1q
723,gaqvbjk,t3_jll3r9
724,gaqvbzv,t3_jlkz1q
725,gaqvc8d,t3_jlkz1q
726,gaqvc8v,t3_jlkz1q
727,gaqvcfa,t3_jl4eoi
728,gaqvcfx,t3_jlksos
729,gaqvcni,t3_jlkz1q
730,gaqvcrx,t3_jldpu2
731,gaqvcyq,t3_jlkz1q
732,gaqvd09,t3_jlkz1q
733,gaqvd10,t3_jlksos
734,gaqvdib,t3_jlo5t6
735,gaqvdie,t3_jlmv1m
736,gaqvdih,t3_jll3r9
737,gaqvdo1,t3_jlmv1m
738,gaqvdtd,t3_jlkz1q
739,gaqve1p,t3_jlkz1q
740,gaqveax,t3_jllrlg
741,gaqvef3,t3_jlrlii
742,gaqvelh,t3_jlnbnr
743,gaqvetb,t3_jll3r9
744,gaqvevn,t3_jlksos
745,gaqvf3c,t3_jlnbnr
746,gaqvf5n,t3_jkd8dr
747,gaqvf6w,t3_jl5wda
748,gaqvfcs,t3_jlkz1q
749,gaqvfno,t3_jlmv1m
750,gaqvfpy,t3_jlmv1m
751,gaqvg1y,t3_jlkz1q
752,gaqvg4a,t3_jlnbnr
753,gaqvg4j,t3_jlmv1m
754,gaqvgbk,t3_jlnbnr
755,gaqvghc,t3_jlnbnr
756,gaqvgu9,t3_jlhr2i
757,gaqvgv3,t3_jlhv3v
758,gaqvh8o,t3_jlnbnr
759,gaqvhaw,t3_jlkz1q
760,gaqvhhp,t3_jlkz1q
761,gaqvhir,t3_jlhr2i
762,gaqv3py,t3_jlmv1m
763,gaqv3rk,t3_jlkz1q
764,gaqv40o,t3_jlmv1m
765,gaqv4av,t3_jlp4tv
766,gaqv4c9,t3_jlkz1q
767,gaqv4m0,t3_jlmv1m
768,gaqv4p4,t3_jlkz1q
769,gaqv4qr,t3_jlnbnr
770,gaqv4zd,t3_jlgwiz
771,gaqv508,t3_jlj26s
772,gaqv597,t3_jlhr2i
773,gaqv5qb,t3_jll3r9
774,gaqv5s3,t3_jlp4tv
775,gaqv626,t3_jk9pqe
776,gaqv6ch,t3_jlnbnr
777,gaqv6e3,t3_jlkz1q
778,gaqv6qp,t3_jlkz1q
779,gaqv6sn,t3_jldpu2
780,gaqv6sx,t3_jlkz1q
781,gaqv6x9,t3_jldpu2
782,gaqv6xf,t3_jlkz1q
783,gaqv764,t3_jlkz1q
784,gaqv7ia,t3_jlksos
785,gaqv7xc,t3_jlmv1m
786,gaqv7yh,t3_jlkz1q
787,gaqv7ym,t3_jlkz1q
788,gaqv89m,t3_jlkz1q
789,gaqv8jt,t3_jlkz1q
790,gaqv8kf,t3_jls5lf
791,gaqv91v,t3_jlkz1q
792,gaqv952,t3_jlkz1q
793,gaqv96w,t3_jlkz1q
794,gaqv9f6,t3_jlj3y8
795,gaqv9gj,t3_jls50o
796,gaqv9hl,t3_jlkz1q
797,gaqv9ms,t3_jlkz1q
798,gaqv9sv,t3_jlkz1q
799,gaqv9t1,t3_jlnbnr
800,gaqva00,t3_jlnbnr
801,gaqva3q,t3_jlnbnr
802,gaqva76,t3_jll3r9
803,gaqvag8,t3_jhf87z
804,gaqvah8,t3_jlkz1q
805,gaqvahi,t3_jlrlii
806,gaqvaih,t3_jlstan
807,gaqvain,t3_jlkz1q
808,gaqvan9,t3_jlkz1q
809,gaqvanv,t3_jlkz1q
810,gaqvb77,t3_jlf99p
811,gaqvbc0,t3_jlkz1q
812,gaqvbj0,t3_jlkz1q
813,gaqvbjk,t3_jll3r9
814,gaqvbzv,t3_jlkz1q
815,gaqvc8d,t3_jlkz1q
816,gaqvc8v,t3_jlkz1q
817,gaqvcfa,t3_jl4eoi
818,gaqvcfx,t3_jlksos
819,gaqvcni,t3_jlkz1q
820,gaqvcrx,t3_jldpu2
821,gaqvcyq,t3_jlkz1q
822,gaqvd09,t3_jlkz1q
823,gaqvd10,t3_jlksos
824,gaqvdib,t3_jlo5t6
825,gaqvdie,t3_jlmv1m
826,gaqvdih,t3_jll3r9
827,gaqvdo1,t3_jlmv1m
828,gaqvdtd,t3_jlkz1q
829,gaqve1p,t3_jlkz1q
830,gaqveax,t3_jllrlg
831,gaqvef3,t3_jlrlii
832,gaqvelh,t3_jlnbnr
833,gaqvetb,t3_jll3r9
834,gaqvevn,t3_jlksos
835,gaqvf3c,t3_jlnbnr
836,gaqvf5n,t3_jkd8dr
837,gaqvf6w,t3_jl5wda
838,gaqvfcs,t3_jlkz1q
839,gaqvfno,t3_jlmv1m
840,gaqvfpy,t3_jlmv1m
841,gaqvg1y,t3_jlkz1q
842,gaqvg4a,t3_jlnbnr
843,gaqvg4j,t3_jlmv1m
844,gaqvgbk,t3_jlnbnr
845,gaqvghc,t3_jlnbnr
846,gaqvgu9,t3_jlhr2i
847,gaqvgv3,t3_jlhv3v
848,gaqvh8o,t3_jlnbnr
849,gaqvhaw,t3_jlkz1q
850,gaqv3py,t3_jlmv1m
851,gaqv3rk,t3_jlkz1q
852,gaqv40o,t3_jlmv1m
853,gaqv4av,t3_jlp4tv
854,gaqv4c9,t3_jlkz1q
855,gaqv4m0,t3_jlmv1m
856,gaqv4p4,t3_jlkz1q
857,gaqv4qr,t3_jlnbnr
858,gaqv4zd,t3_jlgwiz
859,gaqv508,t3_jlj26s
860,gaqv597,t3_jlhr2i
861,gaqv5qb,t3_jll3r9
862,gaqv5s3,t3_jlp4tv
863,gaqv626,t3_jk9pqe
864,gaqv6ch,t3_jlnbnr
865,gaqv6e3,t3_jlkz1q
866,gaqv6qp,t3_jlkz1q
867,gaqv6sn,t3_jldpu2
868,gaqv6sx,t3_jlkz1q
869,gaqv6x9,t3_jldpu2
870,gaqv6xf,t3_jlkz1q
871,gaqv764,t3_jlkz1q
872,gaqv7ia,t3_jlksos
873,gaqv7xc,t3_jlmv1m
874,gaqv7yh,t3_jlkz1q
875,gaqv7ym,t3_jlkz1q
876,gaqv89m,t3_jlkz1q
877,gaqv8jt,t3_jlkz1q
878,gaqv8kf,t3_jls5lf
879,gaqv91v,t3_jlkz1q
880,gaqv952,t3_jlkz1q
881,gaqv96w,t3_jlkz1q
882,gaqv9f6,t3_jlj3y8
883,gaqv9gj,t3_jls50o
884,gaqv9hl,t3_jlkz1q
885,gaqv9ms,t3_jlkz1q
886,gaqv9sv,t3_jlkz1q
887,gaqv9t1,t3_jlnbnr
888,gaqva00,t3_jlnbnr
889,gaqva3q,t3_jlnbnr
890,gaqva76,t3_jll3r9
891,gaqvag8,t3_jhf87z
892,gaqvah8,t3_jlkz1q
893,gaqvahi,t3_jlrlii
894,gaqvaih,t3_jlstan
895,gaqvain,t3_jlkz1q
896,gaqvan9,t3_jlkz1q
897,gaqvanv,t3_jlkz1q
898,gaqvb77,t3_jlf99p
899,gaqvbc0,t3_jlkz1q
900,gaqvbj0,t3_jlkz1q
901,gaqvbjk,t3_jll3r9
902,gaqvbzv,t3_jlkz1q
903,gaqvc8d,t3_jlkz1q
904,gaqvc8v,t3_jlkz1q
905,gaqvcfa,t3_jl4eoi
906,gaqvcfx,t3_jlksos
907,gaqvcni,t3_jlkz1q
908,gaqvcrx,t3_jldpu2
909,gaqvcyq,t3_jlkz1q
910,gaqvd09,t3_jlkz1q
911,gaqvd10,t3_jlksos
912,gaqvdib,t3_jlo5t6
913,gaqvdie,t3_jlmv1m
914,gaqvdih,t3_jll3r9
915,gaqvdo1,t3_jlmv1m
916,gaqvdtd,t3_jlkz1q
917,gaqve1p,t3_jlkz1q
918,gaqveax,t3_jllrlg
919,gaqvef3,t3_jlrlii
920,gaqvelh,t3_jlnbnr
921,gaqvetb,t3_jll3r9
922,gaqvevn,t3_jlksos
923,gaqvf3c,t3_jlnbnr
924,gaqvf5n,t3_jkd8dr
925,gaqvf6w,t3_jl5wda
926,gaqvfcs,t3_jlkz1q
927,gaqvfno,t3_jlmv1m
928,gaqvfpy,t3_jlmv1m
929,gaqvg1y,t3_jlkz1q
930,gaqvg4a,t3_jlnbnr
931,gaqvg4j,t3_jlmv1m
932,gaqvgbk,t3_jlnbnr
933,gaqvghc,t3_jlnbnr
934,gaqvgu9,t3_jlhr2i
935,gaqvgv3,t3_jlhv3v
936,gaqvh8o,t3_jlnbnr
937,gaqv3py,t3_jlmv1m
938,gaqv3rk,t3_jlkz1q
939,gaqv40o,t3_jlmv1m
940,gaqv4av,t3_jlp4tv
941,gaqv4c9,t3_jlkz1q
942,gaqv4m0,t3_jlmv1m
943,gaqv4p4,t3_jlkz1q
944,gaqv4qr,t3_jlnbnr
945,gaqv4zd,t3_jlgwiz
946,gaqv508,t3_jlj26s
947,gaqv597,t3_jlhr2i
948,gaqv5qb,t3_jll3r9
949,gaqv5s3,t3_jlp4tv
950,gaqv626,t3_jk9pqe
951,gaqv6ch,t3_jlnbnr
952,gaqv6e3,t3_jlkz1q
953,gaqv6qp,t3_jlkz1q
954,gaqv6sn,t3_jldpu2
955,gaqv6sx,t3_jlkz1q
956,gaqv6x9,t3_jldpu2
957,gaqv6xf,t3_jlkz1q
958,gaqv764,t3_jlkz1q
959,gaqv7ia,t3_jlksos
960,gaqv7xc,t3_jlmv1m
961,gaqv7yh,t3_jlkz1q
962,gaqv7ym,t3_jlkz1q
963,gaqv89m,t3_jlkz1q
964,gaqv8jt,t3_jlkz1q
965,gaqv8kf,t3_jls5lf
966,gaqv91v,t3_jlkz1q
967,gaqv952,t3_jlkz1q
968,gaqv96w,t3_jlkz1q
969,gaqv9f6,t3_jlj3y8
970,gaqv9gj,t3_jls50o
971,gaqv9hl,t3_jlkz1q
972,gaqv9ms,t3_jlkz1q
973,gaqv9sv,t3_jlkz1q
974,gaqv9t1,t3_jlnbnr
975,gaqva00,t3_jlnbnr
976,gaqva3q,t3_jlnbnr
977,gaqva76,t3_jll3r9
978,gaqvag8,t3_jhf87z
979,gaqvah8,t3_jlkz1q
980,gaqvahi,t3_jlrlii
981,gaqvaih,t3_jlstan
982,gaqvain,t3_jlkz1q
983,gaqvan9,t3_jlkz1q
984,gaqvanv,t3_jlkz1q
985,gaqvb77,t3_jlf99p
986,gaqvbc0,t3_jlkz1q
987,gaqvbj0,t3_jlkz1q
988,gaqvbjk,t3_jll3r9
989,gaqvbzv,t3_jlkz1q
990,gaqvc8d,t3_jlkz1q
991,gaqvc8v,t3_jlkz1q
992,gaqvcfa,t3_jl4eoi
993,gaqvcfx,t3_jlksos
994,gaqvcni,t3_jlkz1q
995,gaqvcrx,t3_jldpu2
996,gaqvcyq,t3_jlkz1q
997,gaqvd09,t3_jlkz1q
998,gaqvd10,t3_jlksos
999,gaqvdib,t3_jlo5t6
1000,gaqvdie,t3_jlmv1m
1001,gaqvdih,t3_jll3r9
1002,gaqvdo1,t3_jlmv1m
1003,gaqvdtd,t3_jlkz1q
1004,gaqve1p,t3_jlkz1q
1005,gaqveax,t3_jllrlg
1006,gaqvef3,t3_jlrlii
1007,gaqvelh,t3_jlnbnr
1008,gaqvetb,t3_jll3r9
1009,gaqvevn,t3_jlksos
1010,gaqvf3c,t3_jlnbnr
1011,gaqvf5n,t3_jkd8dr
1012,gaqvf6w,t3_jl5wda
1013,gaqvfcs,t3_jlkz1q
1014,gaqvfno,t3_jlmv1m
1015,gaqvfpy,t3_jlmv1m
1016,gaqvg1y,t3_jlkz1q
1017,gaqvg4a,t3_jlnbnr
1018,gaqvg4j,t3_jlmv1m
1019,gaqvgbk,t3_jlnbnr
1020,gaqvghc,t3_jlnbnr
1021,gaqvgu9,t3_jlhr2i
1022,gaqvgv3,t3_jlhv3v
1023,gaqv3py,t3_jlmv1m
1024,gaqv3rk,t3_jlkz1q
1025,gaqv40o,t3_jlmv1m
1026,gaqv4av,t3_jlp4tv
1027,gaqv4c9,t3_jlkz1q
1028,gaqv4m0,t3_jlmv1m
1029,gaqv4p4,t3_jlkz1q
1030,gaqv4qr,t3_jlnbnr
1031,gaqv4zd,t3_jlgwiz
1032,gaqv508,t3_jlj26s
1033,gaqv597,t3_jlhr2i
1034,gaqv5qb,t3_jll3r9
1035,gaqv5s3,t3_jlp4tv
1036,gaqv626,t3_jk9pqe
1037,gaqv6ch,t3_jlnbnr
1038,gaqv6e3,t3_jlkz1q
1039,gaqv6qp,t3_jlkz1q
1040,gaqv6sn,t3_jldpu2
1041,gaqv6sx,t3_jlkz1q
1042,gaqv6x9,t3_jldpu2
1043,gaqv6xf,t3_jlkz1q
1044,gaqv764,t3_jlkz1q
1045,gaqv7ia,t3_jlksos
1046,gaqv7xc,t3_jlmv1m
1047,gaqv7yh,t3_jlkz1q
1048,gaqv7ym,t3_jlkz1q
1049,gaqv89m,t3_jlkz1q
1050,gaqv8jt,t3_jlkz1q
1051,gaqv8kf,t3_jls5lf
1052,gaqv91v,t3_jlkz1q
1053,gaqv952,t3_jlkz1q
1054,gaqv96w,t3_jlkz1q
1055,gaqv9f6,t3_jlj3y8
1056,gaqv9gj,t3_jls50o
1057,gaqv9hl,t3_jlkz1q
1058,gaqv9ms,t3_jlkz1q
1059,gaqv9sv,t3_jlkz1q
1060,gaqv9t1,t3_jlnbnr
1061,gaqva00,t3_jlnbnr
1062,gaqva3q,t3_jlnbnr
1063,gaqva76,t3_jll3r9
1064,gaqvag8,t3_jhf87z
1065,gaqvah8,t3_jlkz1q
1066,gaqvahi,t3_jlrlii
1067,gaqvaih,t3_jlstan
1068,gaqvain,t3_jlkz1q
1069,gaqvan9,t3_jlkz1q
1070,gaqvanv,t3_jlkz1q
1071,gaqvb77,t3_jlf99p
1072,gaqvbc0,t3_jlkz1q
1073,gaqvbj0,t3_jlkz1q
1074,gaqvbjk,t3_jll3r9
1075,gaqvbzv,t3_jlkz1q
1076,gaqvc8d,t3_jlkz1q
1077,gaqvc8v,t3_jlkz1q
1078,gaqvcfa,t3_jl4eoi
1079,gaqvcfx,t3_jlksos
1080,gaqvcni,t3_jlkz1q
1081,gaqvcrx,t3_jldpu2
1082,gaqvcyq,t3_jlkz1q
1083,gaqvd09,t3_jlkz1q
1084,gaqvd10,t3_jlksos
1085,gaqvdib,t3_jlo5t6
1086,gaqvdie,t3_jlmv1m
1087,gaqvdih,t3_jll3r9
1088,gaqvdo1,t3_jlmv1m
1089,gaqvdtd,t3_jlkz1q
1090,gaqve1p,t3_jlkz1q
1091,gaqveax,t3_jllrlg
1092,gaqvef3,t3_jlrlii
1093,gaqvelh,t3_jlnbnr
1094,gaqvetb,t3_jll3r9
1095,gaqvevn,t3_jlksos
1096,gaqvf3c,t3_jlnbnr
1097,gaqvf5n,t3_jkd8dr
1098,gaqvf6w,t3_jl5wda
1099,gaqvfcs,t3_jlkz1q
1100,gaqvfno,t3_jlmv1m
1101,gaqvfpy,t3_jlmv1m
1102,gaqvg1y,t3_jlkz1q
1103,gaqvg4a,t3_jlnbnr
1104,gaqvg4j,t3_jlmv1m
1105,gaqvgbk,t3_jlnbnr
1106,gaqvghc,t3_jlnbnr
1107,gaqv3py,t3_jlmv1m
1108,gaqv3rk,t3_jlkz1q
1109,gaqv40o,t3_jlmv1m
1110,gaqv4av,t3_jlp4tv
1111,gaqv4c9,t3_jlkz1q
1112,gaqv4m0,t3_jlmv1m
1113,gaqv4p4,t3_jlkz1q
1114,gaqv4qr,t3_jlnbnr
1115,gaqv4zd,t3_jlgwiz
1116,gaqv508,t3_jlj26s
1117,gaqv597,t3_jlhr2i
1118,gaqv5qb,t3_jll3r9
1119,gaqv5s3,t3_jlp4tv
1120,gaqv626,t3_jk9pqe
1121,gaqv6ch,t3_jlnbnr
1122,gaqv6e3,t3_jlkz1q
1123,gaqv6qp,t3_jlkz1q
1124,gaqv6sn,t3_jldpu2
1125,gaqv6sx,t3_jlkz1q
1126,gaqv6x9,t3_jldpu2
1127,gaqv6xf,t3_jlkz1q
1128,gaqv764,t3_jlkz1q
1129,gaqv7ia,t3_jlksos
1130,gaqv7xc,t3_jlmv1m
1131,gaqv7yh,t3_jlkz1q
1132,gaqv7ym,t3_jlkz1q
1133,gaqv89m,t3_jlkz1q
1134,gaqv8jt,t3_jlkz1q
1135,gaqv8kf,t3_jls5lf
1136,gaqv91v,t3_jlkz1q
1137,gaqv952,t3_jlkz1q
1138,gaqv96w,t3_jlkz1q
1139,gaqv9f6,t3_jlj3y8
1140,gaqv9gj,t3_jls50o
1141,gaqv9hl,t3_jlkz1q
1142,gaqv9ms,t3_jlkz1q
1143,gaqv9sv,t3_jlkz1q
1144,gaqv9t1,t3_jlnbnr
1145,gaqva00,t3_jlnbnr
1146,gaqva3q,t3_jlnbnr
1147,gaqva76,t3_jll3r9
1148,gaqvag8,t3_jhf87z
1149,gaqvah8,t3_jlkz1q
1150,gaqvahi,t3_jlrlii
1151,gaqvaih,t3_jlstan
1152,gaqvain,t3_jlkz1q
1153,gaqvan9,t3_jlkz1q
1154,gaqvanv,t3_jlkz1q
1155,gaqvb77,t3_jlf99p
1156,gaqvbc0,t3_jlkz1q
1157,gaqvbj0,t3_jlkz1q
1158,gaqvbjk,t3_jll3r9
1159,gaqvbzv,t3_jlkz1q
1160,gaqvc8d,t3_jlkz1q
1161,gaqvc8v,t3_jlkz1q
1162,gaqvcfa,t3_jl4eoi
1163,gaqvcfx,t3_jlksos
1164,gaqvcni,t3_jlkz1q
1165,gaqvcrx,t3_jldpu2
1166,gaqvcyq,t3_jlkz1q
1167,gaqvd09,t3_jlkz1q
1168,gaqvd10,t3_jlksos
1169,gaqvdib,t3_jlo5t6
1170,gaqvdie,t3_jlmv1m
1171,gaqvdih,t3_jll3r9
1172,gaqvdo1,t3_jlmv1m
1173,gaqvdtd,t3_jlkz1q
1174,gaqve1p,t3_jlkz1q
1175,gaqveax,t3_jllrlg
1176,gaqvef3,t3_jlrlii
1177,gaqvelh,t3_jlnbnr
1178,gaqvetb,t3_jll3r9
1179,gaqvevn,t3_jlksos
1180,gaqvf3c,t3_jlnbnr
1181,gaqvf5n,t3_jkd8dr
1182,gaqvf6w,t3_jl5wda
1183,gaqvfcs,t3_jlkz1q
1184,gaqvfno,t3_jlmv1m
1185,gaqvfpy,t3_jlmv1m
1186,gaqvg1y,t3_jlkz1q
1187,gaqvg4a,t3_jlnbnr
1188,gaqvg4j,t3_jlmv1m
1189,gaqvgbk,t3_jlnbnr
1190,gaqv3py,t3_jlmv1m
1191,gaqv3rk,t3_jlkz1q
1192,gaqv40o,t3_jlmv1m
1193,gaqv4av,t3_jlp4tv
1194,gaqv4c9,t3_jlkz1q
1195,gaqv4m0,t3_jlmv1m
1196,gaqv4p4,t3_jlkz1q
1197,gaqv4qr,t3_jlnbnr
1198,gaqv4zd,t3_jlgwiz
1199,gaqv508,t3_jlj26s
1200,gaqv597,t3_jlhr2i
1201,gaqv5qb,t3_jll3r9
1202,gaqv5s3,t3_jlp4tv
1203,gaqv626,t3_jk9pqe
1204,gaqv6ch,t3_jlnbnr
1205,gaqv6e3,t3_jlkz1q
1206,gaqv6qp,t3_jlkz1q
1207,gaqv6sn,t3_jldpu2
1208,gaqv6sx,t3_jlkz1q
1209,gaqv6x9,t3_jldpu2
1210,gaqv6xf,t3_jlkz1q
1211,gaqv764,t3_jlkz1q
1212,gaqv7ia,t3_jlksos
1213,gaqv7xc,t3_jlmv1m
1214,gaqv7yh,t3_jlkz1q
1215,gaqv7ym,t3_jlkz1q
1216,gaqv89m,t3_jlkz1q
1217,gaqv8jt,t3_jlkz1q
1218,gaqv8kf,t3_jls5lf
1219,gaqv91v,t3_jlkz1q
1220,gaqv952,t3_jlkz1q
1221,gaqv96w,t3_jlkz1q
1222,gaqv9f6,t3_jlj3y8
1223,gaqv9gj,t3_jls50o
1224,gaqv9hl,t3_jlkz1q
1225,gaqv9ms,t3_jlkz1q
1226,gaqv9sv,t3_jlkz1q
1227,gaqv9t1,t3_jlnbnr
1228,gaqva00,t3_jlnbnr
1229,gaqva3q,t3_jlnbnr
1230,gaqva76,t3_jll3r9
1231,gaqvag8,t3_jhf87z
1232,gaqvah8,t3_jlkz1q
1233,gaqvahi,t3_jlrlii
1234,gaqvaih,t3_jlstan
1235,gaqvain,t3_jlkz1q
1236,gaqvan9,t3_jlkz1q
1237,gaqvanv,t3_jlkz1q
1238,gaqvb77,t3_jlf99p
1239,gaqvbc0,t3_jlkz1q
1240,gaqvbj0,t3_jlkz1q
1241,gaqvbjk,t3_jll3r9
1242,gaqvbzv,t3_jlkz1q
1243,gaqvc8d,t3_jlkz1q
1244,gaqvc8v,t3_jlkz1q
1245,gaqvcfa,t3_jl4eoi
1246,gaqvcfx,t3_jlksos
1247,gaqvcni,t3_jlkz1q
1248,gaqvcrx,t3_jldpu2
1249,gaqvcyq,t3_jlkz1q
1250,gaqvd09,t3_jlkz1q
1251,gaqvd10,t3_jlksos
1252,gaqvdib,t3_jlo5t6
1253,gaqvdie,t3_jlmv1m
1254,gaqvdih,t3_jll3r9
1255,gaqvdo1,t3_jlmv1m
1256,gaqvdtd,t3_jlkz1q
1257,gaqve1p,t3_jlkz1q
1258,gaqveax,t3_jllrlg
1259,gaqvef3,t3_jlrlii
1260,gaqvelh,t3_jlnbnr
1261,gaqvetb,t3_jll3r9
1262,gaqvevn,t3_jlksos
1263,gaqvf3c,t3_jlnbnr
1264,gaqvf5n,t3_jkd8dr
1265,gaqvf6w,t3_jl5wda
1266,gaqvfcs,t3_jlkz1q
1267,gaqvfno,t3_jlmv1m
1268,gaqvfpy,t3_jlmv1m
1269,gaqvg1y,t3_jlkz1q
1270,gaqvg4a,t3_jlnbnr
1271,gaqvg4j,t3_jlmv1m
1272,gaqv3py,t3_jlmv1m
1273,gaqv3rk,t3_jlkz1q
1274,gaqv40o,t3_jlmv1m
1275,gaqv4av,t3_jlp4tv
1276,gaqv4c9,t3_jlkz1q
1277,gaqv4m0,t3_jlmv1m
1278,gaqv4p4,t3_jlkz1q
1279,gaqv4qr,t3_jlnbnr
1280,gaqv4zd,t3_jlgwiz
1281,gaqv508,t3_jlj26s
1282,gaqv597,t3_jlhr2i
1283,gaqv5qb,t3_jll3r9
1284,gaqv5s3,t3_jlp4tv
1285,gaqv626,t3_jk9pqe
1286,gaqv6ch,t3_jlnbnr
1287,gaqv6e3,t3_jlkz1q
1288,gaqv6qp,t3_jlkz1q
1289,gaqv6sn,t3_jldpu2
1290,gaqv6sx,t3_jlkz1q
1291,gaqv6x9,t3_jldpu2
1292,gaqv6xf,t3_jlkz1q
1293,gaqv764,t3_jlkz1q
1294,gaqv7ia,t3_jlksos
1295,gaqv7xc,t3_jlmv1m
1296,gaqv7yh,t3_jlkz1q
1297,gaqv7ym,t3_jlkz1q
1298,gaqv89m,t3_jlkz1q
1299,gaqv8jt,t3_jlkz1q
1300,gaqv8kf,t3_jls5lf
1301,gaqv91v,t3_jlkz1q
1302,gaqv952,t3_jlkz1q
1303,gaqv96w,t3_jlkz1q
1304,gaqv9f6,t3_jlj3y8
1305,gaqv9gj,t3_jls50o
1306,gaqv9hl,t3_jlkz1q
1307,gaqv9ms,t3_jlkz1q
1308,gaqv9sv,t3_jlkz1q
1309,gaqv9t1,t3_jlnbnr
1310,gaqva00,t3_jlnbnr
1311,gaqva3q,t3_jlnbnr
1312,gaqva76,t3_jll3r9
1313,gaqvag8,t3_jhf87z
1314,gaqvah8,t3_jlkz1q
1315,gaqvahi,t3_jlrlii
1316,gaqvaih,t3_jlstan
1317,gaqvain,t3_jlkz1q
1318,gaqvan9,t3_jlkz1q
1319,gaqvanv,t3_jlkz1q
1320,gaqvb77,t3_jlf99p
1321,gaqvbc0,t3_jlkz1q
1322,gaqvbj0,t3_jlkz1q
1323,gaqvbjk,t3_jll3r9
1324,gaqvbzv,t3_jlkz1q
1325,gaqvc8d,t3_jlkz1q
1326,gaqvc8v,t3_jlkz1q
1327,gaqvcfa,t3_jl4eoi
1328,gaqvcfx,t3_jlksos
1329,gaqvcni,t3_jlkz1q
1330,gaqvcrx,t3_jldpu2
1331,gaqvcyq,t3_jlkz1q
1332,gaqvd09,t3_jlkz1q
1333,gaqvd10,t3_jlksos
1334,gaqvdib,t3_jlo5t6
1335,gaqvdie,t3_jlmv1m
1336,gaqvdih,t3_jll3r9
1337,gaqvdo1,t3_jlmv1m
1338,gaqvdtd,t3_jlkz1q
1339,gaqve1p,t3_jlkz1q
1340,gaqveax,t3_jllrlg
1341,gaqvef3,t3_jlrlii
1342,gaqvelh,t3_jlnbnr
1343,gaqvetb,t3_jll3r9
1344,gaqvevn,t3_jlksos
1345,gaqvf3c,t3_jlnbnr
1346,gaqvf5n,t3_jkd8dr
1347,gaqvf6w,t3_jl5wda
1348,gaqvfcs,t3_jlkz1q
1349,gaqvfno,t3_jlmv1m
1350,gaqvfpy,t3_jlmv1m
1351,gaqvg1y,t3_jlkz1q
1352,gaqvg4a,t3_jlnbnr
1353,gaqv3py,t3_jlmv1m
1354,gaqv3rk,t3_jlkz1q
1355,gaqv40o,t3_jlmv1m
1356,gaqv4av,t3_jlp4tv
1357,gaqv4c9,t3_jlkz1q
1358,gaqv4m0,t3_jlmv1m
1359,gaqv4p4,t3_jlkz1q
1360,gaqv4qr,t3_jlnbnr
1361,gaqv4zd,t3_jlgwiz
1362,gaqv508,t3_jlj26s
1363,gaqv597,t3_jlhr2i
1364,gaqv5qb,t3_jll3r9
1365,gaqv5s3,t3_jlp4tv
1366,gaqv626,t3_jk9pqe
1367,gaqv6ch,t3_jlnbnr
1368,gaqv6e3,t3_jlkz1q
1369,gaqv6qp,t3_jlkz1q
1370,gaqv6sn,t3_jldpu2
1371,gaqv6sx,t3_jlkz1q
1372,gaqv6x9,t3_jldpu2
1373,gaqv6xf,t3_jlkz1q
1374,gaqv764,t3_jlkz1q
1375,gaqv7ia,t3_jlksos
1376,gaqv7xc,t3_jlmv1m
1377,gaqv7yh,t3_jlkz1q
1378,gaqv7ym,t3_jlkz1q
1379,gaqv89m,t3_jlkz1q
1380,gaqv8jt,t3_jlkz1q
1381,gaqv8kf,t3_jls5lf
1382,gaqv91v,t3_jlkz1q
1383,gaqv952,t3_jlkz1q
1384,gaqv96w,t3_jlkz1q
1385,gaqv9f6,t3_jlj3y8
1386,gaqv9gj,t3_jls50o
1387,gaqv9hl,t3_jlkz1q
1388,gaqv9ms,t3_jlkz1q
1389,gaqv9sv,t3_jlkz1q
1390,gaqv9t1,t3_jlnbnr
1391,gaqva00,t3_jlnbnr
1392,gaqva3q,t3_jlnbnr
1393,gaqva76,t3_jll3r9
1394,gaqvag8,t3_jhf87z
1395,gaqvah8,t3_jlkz1q
1396,gaqvahi,t3_jlrlii
1397,gaqvaih,t3_jlstan
1398,gaqvain,t3_jlkz1q
1399,gaqvan9,t3_jlkz1q
1400,gaqvanv,t3_jlkz1q
1401,gaqvb77,t3_jlf99p
1402,gaqvbc0,t3_jlkz1q
1403,gaqvbj0,t3_jlkz1q
1404,gaqvbjk,t3_jll3r9
1405,gaqvbzv,t3_jlkz1q
1406,gaqvc8d,t3_jlkz1q
1407,gaqvc8v,t3_jlkz1q
1408,gaqvcfa,t3_jl4eoi
1409,gaqvcfx,t3_jlksos
1410,gaqvcni,t3_jlkz1q
1411,gaqvcrx,t3_jldpu2
1412,gaqvcyq,t3_jlkz1q
1413,gaqvd09,t3_jlkz1q
1414,gaqvd10,t3_jlksos
1415,gaqvdib,t3_jlo5t6
1416,gaqvdie,t3_jlmv1m
1417,gaqvdih,t3_jll3r9
1418,gaqvdo1,t3_jlmv1m
1419,gaqvdtd,t3_jlkz1q
1420,gaqve1p,t3_jlkz1q
1421,gaqveax,t3_jllrlg
1422,gaqvef3,t3_jlrlii
1423,gaqvelh,t3_jlnbnr
1424,gaqvetb,t3_jll3r9
1425,gaqvevn,t3_jlksos
1426,gaqvf3c,t3_jlnbnr
1427,gaqvf5n,t3_jkd8dr
1428,gaqvf6w,t3_jl5wda
1429,gaqvfcs,t3_jlkz1q
1430,gaqvfno,t3_jlmv1m
1431,gaqvfpy,t3_jlmv1m
1432,gaqvg1y,t3_jlkz1q
1433,gaqv3py,t3_jlmv1m
1434,gaqv3rk,t3_jlkz1q
1435,gaqv40o,t3_jlmv1m
1436,gaqv4av,t3_jlp4tv
1437,gaqv4c9,t3_jlkz1q
1438,gaqv4m0,t3_jlmv1m
1439,gaqv4p4,t3_jlkz1q
1440,gaqv4qr,t3_jlnbnr
1441,gaqv4zd,t3_jlgwiz
1442,gaqv508,t3_jlj26s
1443,gaqv597,t3_jlhr2i
1444,gaqv5qb,t3_jll3r9
1445,gaqv5s3,t3_jlp4tv
1446,gaqv626,t3_jk9pqe
1447,gaqv6ch,t3_jlnbnr
1448,gaqv6e3,t3_jlkz1q
1449,gaqv6qp,t3_jlkz1q
1450,gaqv6sn,t3_jldpu2
1451,gaqv6sx,t3_jlkz1q
1452,gaqv6x9,t3_jldpu2
1453,gaqv6xf,t3_jlkz1q
1454,gaqv764,t3_jlkz1q
1455,gaqv7ia,t3_jlksos
1456,gaqv7xc,t3_jlmv1m
1457,gaqv7yh,t3_jlkz1q
1458,gaqv7ym,t3_jlkz1q
1459,gaqv89m,t3_jlkz1q
1460,gaqv8jt,t3_jlkz1q
1461,gaqv8kf,t3_jls5lf
1462,gaqv91v,t3_jlkz1q
1463,gaqv952,t3_jlkz1q
1464,gaqv96w,t3_jlkz1q
1465,gaqv9f6,t3_jlj3y8
1466,gaqv9gj,t3_jls50o
1467,gaqv9hl,t3_jlkz1q
1468,gaqv9ms,t3_jlkz1q
1469,gaqv9sv,t3_jlkz1q
1470,gaqv9t1,t3_jlnbnr
1471,gaqva00,t3_jlnbnr
1472,gaqva3q,t3_jlnbnr
1473,gaqva76,t3_jll3r9
1474,gaqvag8,t3_jhf87z
1475,gaqvah8,t3_jlkz1q
1476,gaqvahi,t3_jlrlii
1477,gaqvaih,t3_jlstan
1478,gaqvain,t3_jlkz1q
1479,gaqvan9,t3_jlkz1q
1480,gaqvanv,t3_jlkz1q
1481,gaqvb77,t3_jlf99p
1482,gaqvbc0,t3_jlkz1q
1483,gaqvbj0,t3_jlkz1q
1484,gaqvbjk,t3_jll3r9
1485,gaqvbzv,t3_jlkz1q
1486,gaqvc8d,t3_jlkz1q
1487,gaqvc8v,t3_jlkz1q
1488,gaqvcfa,t3_jl4eoi
1489,gaqvcfx,t3_jlksos
1490,gaqvcni,t3_jlkz1q
1491,gaqvcrx,t3_jldpu2
1492,gaqvcyq,t3_jlkz1q
1493,gaqvd09,t3_jlkz1q
1494,gaqvd10,t3_jlksos
1495,gaqvdib,t3_jlo5t6
1496,gaqvdie,t3_jlmv1m
1497,gaqvdih,t3_jll3r9
1498,gaqvdo1,t3_jlmv1m
1499,gaqvdtd,t3_jlkz1q
1500,gaqve1p,t3_jlkz1q
1501,gaqveax,t3_jllrlg
1502,gaqvef3,t3_jlrlii
1503,gaqvelh,t3_jlnbnr
1504,gaqvetb,t3_jll3r9
1505,gaqvevn,t3_jlksos
1506,gaqvf3c,t3_jlnbnr
1507,gaqvf5n,t3_jkd8dr
1508,gaqvf6w,t3_jl5wda
1509,gaqvfcs,t3_jlkz1q
1510,gaqvfno,t3_jlmv1m
1511,gaqvfpy,t3_jlmv1m
1512,gaqv3py,t3_jlmv1m
1513,gaqv3rk,t3_jlkz1q
1514,gaqv40o,t3_jlmv1m
1515,gaqv4av,t3_jlp4tv
1516,gaqv4c9,t3_jlkz1q
1517,gaqv4m0,t3_jlmv1m
1518,gaqv4p4,t3_jlkz1q
1519,gaqv4qr,t3_jlnbnr
1520,gaqv4zd,t3_jlgwiz
1521,gaqv508,t3_jlj26s
1522,gaqv597,t3_jlhr2i
1523,gaqv5qb,t3_jll3r9
1524,gaqv5s3,t3_jlp4tv
1525,gaqv626,t3_jk9pqe
1526,gaqv6ch,t3_jlnbnr
1527,gaqv6e3,t3_jlkz1q
1528,gaqv6qp,t3_jlkz1q
1529,gaqv6sn,t3_jldpu2
1530,gaqv6sx,t3_jlkz1q
1531,gaqv6x9,t3_jldpu2
1532,gaqv6xf,t3_jlkz1q
1533,gaqv764,t3_jlkz1q
1534,gaqv7ia,t3_jlksos
1535,gaqv7xc,t3_jlmv1m
1536,gaqv7yh,t3_jlkz1q
1537,gaqv7ym,t3_jlkz1q
1538,gaqv89m,t3_jlkz1q
1539,gaqv8jt,t3_jlkz1q
1540,gaqv8kf,t3_jls5lf
1541,gaqv91v,t3_jlkz1q
1542,gaqv952,t3_jlkz1q
1543,gaqv96w,t3_jlkz1q
1544,gaqv9f6,t3_jlj3y8
1545,gaqv9gj,t3_jls50o
1546,gaqv9hl,t3_jlkz1q
1547,gaqv9ms,t3_jlkz1q
1548,gaqv9sv,t3_jlkz1q
1549,gaqv9t1,t3_jlnbnr
1550,gaqva00,t3_jlnbnr
1551,gaqva3q,t3_jlnbnr
1552,gaqva76,t3_jll3r9
1553,gaqvag8,t3_jhf87z
1554,gaqvah8,t3_jlkz1q
1555,gaqvahi,t3_jlrlii
1556,gaqvaih,t3_jlstan
1557,gaqvain,t3_jlkz1q
1558,gaqvan9,t3_jlkz1q
1559,gaqvanv,t3_jlkz1q
1560,gaqvb77,t3_jlf99p
1561,gaqvbc0,t3_jlkz1q
1562,gaqvbj0,t3_jlkz1q
1563,gaqvbjk,t3_jll3r9
1564,gaqvbzv,t3_jlkz1q
1565,gaqvc8d,t3_jlkz1q
1566,gaqvc8v,t3_jlkz1q
1567,gaqvcfa,t3_jl4eoi
1568,gaqvcfx,t3_jlksos
1569,gaqvcni,t3_jlkz1q
1570,gaqvcrx,t3_jldpu2
1571,gaqvcyq,t3_jlkz1q
1572,gaqvd09,t3_jlkz1q
1573,gaqvd10,t3_jlksos
1574,gaqvdib,t3_jlo5t6
1575,gaqvdie,t3_jlmv1m
1576,gaqvdih,t3_jll3r9
1577,gaqvdo1,t3_jlmv1m
1578,gaqvdtd,t3_jlkz1q
1579,gaqve1p,t3_jlkz1q
1580,gaqveax,t3_jllrlg
1581,gaqvef3,t3_jlrlii
1582,gaqvelh,t3_jlnbnr
1583,gaqvetb,t3_jll3r9
1584,gaqvevn,t3_jlksos
1585,gaqvf3c,t3_jlnbnr
1586,gaqvf5n,t3_jkd8dr
1587,gaqvf6w,t3_jl5wda
1588,gaqvfcs,t3_jlkz1q
1589,gaqvfno,t3_jlmv1m
1590,gaqv3py,t3_jlmv1m
1591,gaqv3rk,t3_jlkz1q
1592,gaqv40o,t3_jlmv1m
1593,gaqv4av,t3_jlp4tv
1594,gaqv4c9,t3_jlkz1q
1595,gaqv4m0,t3_jlmv1m
1596,gaqv4p4,t3_jlkz1q
1597,gaqv4qr,t3_jlnbnr
1598,gaqv4zd,t3_jlgwiz
1599,gaqv508,t3_jlj26s
1600,gaqv597,t3_jlhr2i
1601,gaqv5qb,t3_jll3r9
1602,gaqv5s3,t3_jlp4tv
1603,gaqv626,t3_jk9pqe
1604,gaqv6ch,t3_jlnbnr
1605,gaqv6e3,t3_jlkz1q
1606,gaqv6qp,t3_jlkz1q
1607,gaqv6sn,t3_jldpu2
1608,gaqv6sx,t3_jlkz1q
1609,gaqv6x9,t3_jldpu2
1610,gaqv6xf,t3_jlkz1q
1611,gaqv764,t3_jlkz1q
1612,gaqv7ia,t3_jlksos
1613,gaqv7xc,t3_jlmv1m
1614,gaqv7yh,t3_jlkz1q
1615,gaqv7ym,t3_jlkz1q
1616,gaqv89m,t3_jlkz1q
1617,gaqv8jt,t3_jlkz1q
1618,gaqv8kf,t3_jls5lf
1619,gaqv91v,t3_jlkz1q
1620,gaqv952,t3_jlkz1q
1621,gaqv96w,t3_jlkz1q
1622,gaqv9f6,t3_jlj3y8
1623,gaqv9gj,t3_jls50o
1624,gaqv9hl,t3_jlkz1q
1625,gaqv9ms,t3_jlkz1q
1626,gaqv9sv,t3_jlkz1q
1627,gaqv9t1,t3_jlnbnr
1628,gaqva00,t3_jlnbnr
1629,gaqva3q,t3_jlnbnr
1630,gaqva76,t3_jll3r9
1631,gaqvag8,t3_jhf87z
1632,gaqvah8,t3_jlkz1q
1633,gaqvahi,t3_jlrlii
1634,gaqvaih,t3_jlstan
1635,gaqvain,t3_jlkz1q
1636,gaqvan9,t3_jlkz1q
1637,gaqvanv,t3_jlkz1q
1638,gaqvb77,t3_jlf99p
1639,gaqvbc0,t3_jlkz1q
1640,gaqvbj0,t3_jlkz1q
1641,gaqvbjk,t3_jll3r9
1642,gaqvbzv,t3_jlkz1q
1643,gaqvc8d,t3_jlkz1q
1644,gaqvc8v,t3_jlkz1q
1645,gaqvcfa,t3_jl4eoi
1646,gaqvcfx,t3_jlksos
1647,gaqvcni,t3_jlkz1q
1648,gaqvcrx,t3_jldpu2
1649,gaqvcyq,t3_jlkz1q
1650,gaqvd09,t3_jlkz1q
1651,gaqvd10,t3_jlksos
1652,gaqvdib,t3_jlo5t6
1653,gaqvdie,t3_jlmv1m
1654,gaqvdih,t3_jll3r9
1655,gaqvdo1,t3_jlmv1m
1656,gaqvdtd,t3_jlkz1q
1657,gaqve1p,t3_jlkz1q
1658,gaqveax,t3_jllrlg
1659,gaqvef3,t3_jlrlii
1660,gaqvelh,t3_jlnbnr
1661,gaqvetb,t3_jll3r9
1662,gaqvevn,t3_jlksos
1663,gaqvf3c,t3_jlnbnr
1664,gaqvf5n,t3_jkd8dr
1665,gaqvf6w,t3_jl5wda
1666,gaqvfcs,t3_jlkz1q
1667,gaqv3py,t3_jlmv1m
1668,gaqv3rk,t3_jlkz1q
1669,gaqv40o,t3_jlmv1m
1670,gaqv4av,t3_jlp4tv
1671,gaqv4c9,t3_jlkz1q
1672,gaqv4m0,t3_jlmv1m
1673,gaqv4p4,t3_jlkz1q
1674,gaqv4qr,t3_jlnbnr
1675,gaqv4zd,t3_jlgwiz
1676,gaqv508,t3_jlj26s
1677,gaqv597,t3_jlhr2i
1678,gaqv5qb,t3_jll3r9
1679,gaqv5s3,t3_jlp4tv
1680,gaqv626,t3_jk9pqe
1681,gaqv6ch,t3_jlnbnr
1682,gaqv6e3,t3_jlkz1q
1683,gaqv6qp,t3_jlkz1q
1684,gaqv6sn,t3_jldpu2
1685,gaqv6sx,t3_jlkz1q
1686,gaqv6x9,t3_jldpu2
1687,gaqv6xf,t3_jlkz1q
1688,gaqv764,t3_jlkz1q
1689,gaqv7ia,t3_jlksos
1690,gaqv7xc,t3_jlmv1m
1691,gaqv7yh,t3_jlkz1q
1692,gaqv7ym,t3_jlkz1q
1693,gaqv89m,t3_jlkz1q
1694,gaqv8jt,t3_jlkz1q
1695,gaqv8kf,t3_jls5lf
1696,gaqv91v,t3_jlkz1q
1697,gaqv952,t3_jlkz1q
1698,gaqv96w,t3_jlkz1q
1699,gaqv9f6,t3_jlj3y8
1700,gaqv9gj,t3_jls50o
1701,gaqv9hl,t3_jlkz1q
1702,gaqv9ms,t3_jlkz1q
1703,gaqv9sv,t3_jlkz1q
1704,gaqv9t1,t3_jlnbnr
1705,gaqva00,t3_jlnbnr
1706,gaqva3q,t3_jlnbnr
1707,gaqva76,t3_jll3r9
1708,gaqvag8,t3_jhf87z
1709,gaqvah8,t3_jlkz1q
1710,gaqvahi,t3_jlrlii
1711,gaqvaih,t3_jlstan
1712,gaqvain,t3_jlkz1q
1713,gaqvan9,t3_jlkz1q
1714,gaqvanv,t3_jlkz1q
1715,gaqvb77,t3_jlf99p
1716,gaqvbc0,t3_jlkz1q
1717,gaqvbj0,t3_jlkz1q
1718,gaqvbjk,t3_jll3r9
1719,gaqvbzv,t3_jlkz1q
1720,gaqvc8d,t3_jlkz1q
1721,gaqvc8v,t3_jlkz1q
1722,gaqvcfa,t3_jl4eoi
1723,gaqvcfx,t3_jlksos
1724,gaqvcni,t3_jlkz1q
1725,gaqvcrx,t3_jldpu2
1726,gaqvcyq,t3_jlkz1q
1727,gaqvd09,t3_jlkz1q
1728,gaqvd10,t3_jlksos
1729,gaqvdib,t3_jlo5t6
1730,gaqvdie,t3_jlmv1m
1731,gaqvdih,t3_jll3r9
1732,gaqvdo1,t3_jlmv1m
1733,gaqvdtd,t3_jlkz1q
1734,gaqve1p,t3_jlkz1q
1735,gaqveax,t3_jllrlg
1736,gaqvef3,t3_jlrlii
1737,gaqvelh,t3_jlnbnr
1738,gaqvetb,t3_jll3r9
1739,gaqvevn,t3_jlksos
1740,gaqvf3c,t3_jlnbnr
1741,gaqvf5n,t3_jkd8dr
1742,gaqvf6w,t3_jl5wda
1743,gaqv3py,t3_jlmv1m
1744,gaqv3rk,t3_jlkz1q
1745,gaqv40o,t3_jlmv1m
1746,gaqv4av,t3_jlp4tv
1747,gaqv4c9,t3_jlkz1q
1748,gaqv4m0,t3_jlmv1m
1749,gaqv4p4,t3_jlkz1q
1750,gaqv4qr,t3_jlnbnr
1751,gaqv4zd,t3_jlgwiz
1752,gaqv508,t3_jlj26s
1753,gaqv597,t3_jlhr2i
1754,gaqv5qb,t3_jll3r9
1755,gaqv5s3,t3_jlp4tv
1756,gaqv626,t3_jk9pqe
1757,gaqv6ch,t3_jlnbnr
1758,gaqv6e3,t3_jlkz1q
1759,gaqv6qp,t3_jlkz1q
1760,gaqv6sn,t3_jldpu2
1761,gaqv6sx,t3_jlkz1q
1762,gaqv6x9,t3_jldpu2
1763,gaqv6xf,t3_jlkz1q
1764,gaqv764,t3_jlkz1q
1765,gaqv7ia,t3_jlksos
1766,gaqv7xc,t3_jlmv1m
1767,gaqv7yh,t3_jlkz1q
1768,gaqv7ym,t3_jlkz1q
1769,gaqv89m,t3_jlkz1q
1770,gaqv8jt,t3_jlkz1q
1771,gaqv8kf,t3_jls5lf
1772,gaqv91v,t3_jlkz1q
1773,gaqv952,t3_jlkz1q
1774,gaqv96w,t3_jlkz1q
1775,gaqv9f6,t3_jlj3y8
1776,gaqv9gj,t3_jls50o
1777,gaqv9hl,t3_jlkz1q
1778,gaqv9ms,t3_jlkz1q
1779,gaqv9sv,t3_jlkz1q
1780,gaqv9t1,t3_jlnbnr
1781,gaqva00,t3_jlnbnr
1782,gaqva3q,t3_jlnbnr
1783,gaqva76,t3_jll3r9
1784,gaqvag8,t3_jhf87z
1785,gaqvah8,t3_jlkz1q
1786,gaqvahi,t3_jlrlii
1787,gaqvaih,t3_jlstan
1788,gaqvain,t3_jlkz1q
1789,gaqvan9,t3_jlkz1q
1790,gaqvanv,t3_jlkz1q
1791,gaqvb77,t3_jlf99p
1792,gaqvbc0,t3_jlkz1q
1793,gaqvbj0,t3_jlkz1q
1794,gaqvbjk,t3_jll3r9
1795,gaqvbzv,t3_jlkz1q
1796,gaqvc8d,t3_jlkz1q
1797,gaqvc8v,t3_jlkz1q
1798,gaqvcfa,t3_jl4eoi
1799,gaqvcfx,t3_jlksos
1800,gaqvcni,t3_jlkz1q
1801,gaqvcrx,t3_jldpu2
1802,gaqvcyq,t3_jlkz1q
1803,gaqvd09,t3_jlkz1q
1804,gaqvd10,t3_jlksos
1805,gaqvdib,t3_jlo5t6
1806,gaqvdie,t3_jlmv1m
1807,gaqvdih,t3_jll3r9
1808,gaqvdo1,t3_jlmv1m
1809,gaqvdtd,t3_jlkz1q
1810,gaqve1p,t3_jlkz1q
1811,gaqveax,t3_jllrlg
1812,gaqvef3,t3_jlrlii
1813,gaqvelh,t3_jlnbnr
1814,gaqvetb,t3_jll3r9
1815,gaqvevn,t3_jlksos
1816,gaqvf3c,t3_jlnbnr
1817,gaqvf5n,t3_jkd8dr
1818,gaqv3py,t3_jlmv1m
1819,gaqv3rk,t3_jlkz1q
1820,gaqv40o,t3_jlmv1m
1821,gaqv4av,t3_jlp4tv
1822,gaqv4c9,t3_jlkz1q
1823,gaqv4m0,t3_jlmv1m
1824,gaqv4p4,t3_jlkz1q
1825,gaqv4qr,t3_jlnbnr
1826,gaqv4zd,t3_jlgwiz
1827,gaqv508,t3_jlj26s
1828,gaqv597,t3_jlhr2i
1829,gaqv5qb,t3_jll3r9
1830,gaqv5s3,t3_jlp4tv
1831,gaqv626,t3_jk9pqe
1832,gaqv6ch,t3_jlnbnr
1833,gaqv6e3,t3_jlkz1q
1834,gaqv6qp,t3_jlkz1q
1835,gaqv6sn,t3_jldpu2
1836,gaqv6sx,t3_jlkz1q
1837,gaqv6x9,t3_jldpu2
1838,gaqv6xf,t3_jlkz1q
1839,gaqv764,t3_jlkz1q
1840,gaqv7ia,t3_jlksos
1841,gaqv7xc,t3_jlmv1m
1842,gaqv7yh,t3_jlkz1q
1843,gaqv7ym,t3_jlkz1q
1844,gaqv89m,t3_jlkz1q
1845,gaqv8jt,t3_jlkz1q
1846,gaqv8kf,t3_jls5lf
1847,gaqv91v,t3_jlkz1q
1848,gaqv952,t3_jlkz1q
1849,gaqv96w,t3_jlkz1q
1850,gaqv9f6,t3_jlj3y8
1851,gaqv9gj,t3_jls50o
1852,gaqv9hl,t3_jlkz1q
1853,gaqv9ms,t3_jlkz1q
1854,gaqv9sv,t3_jlkz1q
1855,gaqv9t1,t3_jlnbnr
1856,gaqva00,t3_jlnbnr
1857,gaqva3q,t3_jlnbnr
1858,gaqva76,t3_jll3r9
1859,gaqvag8,t3_jhf87z
1860,gaqvah8,t3_jlkz1q
1861,gaqvahi,t3_jlrlii
1862,gaqvaih,t3_jlstan
1863,gaqvain,t3_jlkz1q
1864,gaqvan9,t3_jlkz1q
1865,gaqvanv,t3_jlkz1q
1866,gaqvb77,t3_jlf99p
1867,gaqvbc0,t3_jlkz1q
1868,gaqvbj0,t3_jlkz1q
1869,gaqvbjk,t3_jll3r9
1870,gaqvbzv,t3_jlkz1q
1871,gaqvc8d,t3_jlkz1q
1872,gaqvc8v,t3_jlkz1q
1873,gaqvcfa,t3_jl4eoi
1874,gaqvcfx,t3_jlksos
1875,gaqvcni,t3_jlkz1q
1876,gaqvcrx,t3_jldpu2
1877,gaqvcyq,t3_jlkz1q
1878,gaqvd09,t3_jlkz1q
1879,gaqvd10,t3_jlksos
1880,gaqvdib,t3_jlo5t6
1881,gaqvdie,t3_jlmv1m
1882,gaqvdih,t3_jll3r9
1883,gaqvdo1,t3_jlmv1m
1884,gaqvdtd,t3_jlkz1q
1885,gaqve1p,t3_jlkz1q
1886,gaqveax,t3_jllrlg
1887,gaqvef3,t3_jlrlii
1888,gaqvelh,t3_jlnbnr
1889,gaqvetb,t3_jll3r9
1890,gaqvevn,t3_jlksos
1891,gaqvf3c,t3_jlnbnr
1892,gaqv3py,t3_jlmv1m
1893,gaqv3rk,t3_jlkz1q
1894,gaqv40o,t3_jlmv1m
1895,gaqv4av,t3_jlp4tv
1896,gaqv4c9,t3_jlkz1q
1897,gaqv4m0,t3_jlmv1m
1898,gaqv4p4,t3_jlkz1q
1899,gaqv4qr,t3_jlnbnr
1900,gaqv4zd,t3_jlgwiz
1901,gaqv508,t3_jlj26s
1902,gaqv597,t3_jlhr2i
1903,gaqv5qb,t3_jll3r9
1904,gaqv5s3,t3_jlp4tv
1905,gaqv626,t3_jk9pqe
1906,gaqv6ch,t3_jlnbnr
1907,gaqv6e3,t3_jlkz1q
1908,gaqv6qp,t3_jlkz1q
1909,gaqv6sn,t3_jldpu2
1910,gaqv6sx,t3_jlkz1q
1911,gaqv6x9,t3_jldpu2
1912,gaqv6xf,t3_jlkz1q
1913,gaqv764,t3_jlkz1q
1914,gaqv7ia,t3_jlksos
1915,gaqv7xc,t3_jlmv1m
1916,gaqv7yh,t3_jlkz1q
1917,gaqv7ym,t3_jlkz1q
1918,gaqv89m,t3_jlkz1q
1919,gaqv8jt,t3_jlkz1q
1920,gaqv8kf,t3_jls5lf
1921,gaqv91v,t3_jlkz1q
1922,gaqv952,t3_jlkz1q
1923,gaqv96w,t3_jlkz1q
1924,gaqv9f6,t3_jlj3y8
1925,gaqv9gj,t3_jls50o
1926,gaqv9hl,t3_jlkz1q
1927,gaqv9ms,t3_jlkz1q
1928,gaqv9sv,t3_jlkz1q
1929,gaqv9t1,t3_jlnbnr
1930,gaqva00,t3_jlnbnr
1931,gaqva3q,t3_jlnbnr
1932,gaqva76,t3_jll3r9
1933,gaqvag8,t3_jhf87z
1934,gaqvah8,t3_jlkz1q
1935,gaqvahi,t3_jlrlii
1936,gaqvaih,t3_jlstan
1937,gaqvain,t3_jlkz1q
1938,gaqvan9,t3_jlkz1q
1939,gaqvanv,t3_jlkz1q
1940,gaqvb77,t3_jlf99p
1941,gaqvbc0,t3_jlkz1q
1942,gaqvbj0,t3_jlkz1q
1943,gaqvbjk,t3_jll3r9
1944,gaqvbzv,t3_jlkz1q
1945,gaqvc8d,t3_jlkz1q
1946,gaqvc8v,t3_jlkz1q
1947,gaqvcfa,t3_jl4eoi
1948,gaqvcfx,t3_jlksos
1949,gaqvcni,t3_jlkz1q
1950,gaqvcrx,t3_jldpu2
1951,gaqvcyq,t3_jlkz1q
1952,gaqvd09,t3_jlkz1q
1953,gaqvd10,t3_jlksos
1954,gaqvdib,t3_jlo5t6
1955,gaqvdie,t3_jlmv1m
1956,gaqvdih,t3_jll3r9
1957,gaqvdo1,t3_jlmv1m
1958,gaqvdtd,t3_jlkz1q
1959,gaqve1p,t3_jlkz1q
1960,gaqveax,t3_jllrlg
1961,gaqvef3,t3_jlrlii
1962,gaqvelh,t3_jlnbnr
1963,gaqvetb,t3_jll3r9
1964,gaqvevn,t3_jlksos
1965,gaqv3py,t3_jlmv1m
1966,gaqv3rk,t3_jlkz1q
1967,gaqv40o,t3_jlmv1m
1968,gaqv4av,t3_jlp4tv
1969,gaqv4c9,t3_jlkz1q
1970,gaqv4m0,t3_jlmv1m
1971,gaqv4p4,t3_jlkz1q
1972,gaqv4qr,t3_jlnbnr
1973,gaqv4zd,t3_jlgwiz
1974,gaqv508,t3_jlj26s
1975,gaqv597,t3_jlhr2i
1976,gaqv5qb,t3_jll3r9
1977,gaqv5s3,t3_jlp4tv
1978,gaqv626,t3_jk9pqe
1979,gaqv6ch,t3_jlnbnr
1980,gaqv6e3,t3_jlkz1q
1981,gaqv6qp,t3_jlkz1q
1982,gaqv6sn,t3_jldpu2
1983,gaqv6sx,t3_jlkz1q
1984,gaqv6x9,t3_jldpu2
1985,gaqv6xf,t3_jlkz1q
1986,gaqv764,t3_jlkz1q
1987,gaqv7ia,t3_jlksos
1988,gaqv7xc,t3_jlmv1m
1989,gaqv7yh,t3_jlkz1q
1990,gaqv7ym,t3_jlkz1q
1991,gaqv89m,t3_jlkz1q
1992,gaqv8jt,t3_jlkz1q
1993,gaqv8kf,t3_jls5lf
1994,gaqv91v,t3_jlkz1q
1995,gaqv952,t3_jlkz1q
1996,gaqv96w,t3_jlkz1q
1997,gaqv9f6,t3_jlj3y8
1998,gaqv9gj,t3_jls50o
1999,gaqv9hl,t3_jlkz1q
2000,gaqv9ms,t3_jlkz1q
2001,gaqv9sv,t3_jlkz1q
2002,gaqv9t1,t3_jlnbnr
2003,gaqva00,t3_jlnbnr
2004,gaqva3q,t3_jlnbnr
2005,gaqva76,t3_jll3r9
2006,gaqvag8,t3_jhf87z
2007,gaqvah8,t3_jlkz1q
2008,gaqvahi,t3_jlrlii
2009,gaqvaih,t3_jlstan
2010,gaqvain,t3_jlkz1q
2011,gaqvan9,t3_jlkz1q
2012,gaqvanv,t3_jlkz1q
2013,gaqvb77,t3_jlf99p
2014,gaqvbc0,t3_jlkz1q
2015,gaqvbj0,t3_jlkz1q
2016,gaqvbjk,t3_jll3r9
2017,gaqvbzv,t3_jlkz1q
2018,gaqvc8d,t3_jlkz1q
2019,gaqvc8v,t3_jlkz1q
2020,gaqvcfa,t3_jl4eoi
2021,gaqvcfx,t3_jlksos
2022,gaqvcni,t3_jlkz1q
2023,gaqvcrx,t3_jldpu2
2024,gaqvcyq,t3_jlkz1q
2025,gaqvd09,t3_jlkz1q
2026,gaqvd10,t3_jlksos
2027,gaqvdib,t3_jlo5t6
2028,gaqvdie,t3_jlmv1m
2029,gaqvdih,t3_jll3r9
2030,gaqvdo1,t3_jlmv1m
2031,gaqvdtd,t3_jlkz1q
2032,gaqve1p,t3_jlkz1q
2033,gaqveax,t3_jllrlg
2034,gaqvef3,t3_jlrlii
2035,gaqvelh,t3_jlnbnr
2036,gaqvetb,t3_jll3r9
2037,gaqv3py,t3_jlmv1m
2038,gaqv3rk,t3_jlkz1q
2039,gaqv40o,t3_jlmv1m
2040,gaqv4av,t3_jlp4tv
2041,gaqv4c9,t3_jlkz1q
2042,gaqv4m0,t3_jlmv1m
2043,gaqv4p4,t3_jlkz1q
2044,gaqv4qr,t3_jlnbnr
2045,gaqv4zd,t3_jlgwiz
2046,gaqv508,t3_jlj26s
2047,gaqv597,t3_jlhr2i
2048,gaqv5qb,t3_jll3r9
2049,gaqv5s3,t3_jlp4tv
2050,gaqv626,t3_jk9pqe
2051,gaqv6ch,t3_jlnbnr
2052,gaqv6e3,t3_jlkz1q
2053,gaqv6qp,t3_jlkz1q
2054,gaqv6sn,t3_jldpu2
2055,gaqv6sx,t3_jlkz1q
2056,gaqv6x9,t3_jldpu2
2057,gaqv6xf,t3_jlkz1q
2058,gaqv764,t3_jlkz1q
2059,gaqv7ia,t3_jlksos
2060,gaqv7xc,t3_jlmv1m
2061,gaqv7yh,t3_jlkz1q
2062,gaqv7ym,t3_jlkz1q
2063,gaqv89m,t3_jlkz1q
2064,gaqv8jt,t3_jlkz1q
2065,gaqv8kf,t3_jls5lf
2066,gaqv91v,t3_jlkz1q
2067,gaqv952,t3_jlkz1q
2068,gaqv96w,t3_jlkz1q
2069,gaqv9f6,t3_jlj3y8
2070,gaqv9gj,t3_jls50o
2071,gaqv9hl,t3_jlkz1q
2072,gaqv9ms,t3_jlkz1q
2073,gaqv9sv,t3_jlkz1q
2074,gaqv9t1,t3_jlnbnr
2075,gaqva00,t3_jlnbnr
2076,gaqva3q,t3_jlnbnr
2077,gaqva76,t3_jll3r9
2078,gaqvag8,t3_jhf87z
2079,gaqvah8,t3_jlkz1q
2080,gaqvahi,t3_jlrlii
2081,gaqvaih,t3_jlstan
2082,gaqvain,t3_jlkz1q
2083,gaqvan9,t3_jlkz1q
2084,gaqvanv,t3_jlkz1q
2085,gaqvb77,t3_jlf99p
2086,gaqvbc0,t3_jlkz1q
2087,gaqvbj0,t3_jlkz1q
2088,gaqvbjk,t3_jll3r9
2089,gaqvbzv,t3_jlkz1q
2090,gaqvc8d,t3_jlkz1q
2091,gaqvc8v,t3_jlkz1q
2092,gaqvcfa,t3_jl4eoi
2093,gaqvcfx,t3_jlksos
2094,gaqvcni,t3_jlkz1q
2095,gaqvcrx,t3_jldpu2
2096,gaqvcyq,t3_jlkz1q
2097,gaqvd09,t3_jlkz1q
2098,gaqvd10,t3_jlksos
2099,gaqvdib,t3_jlo5t6
2100,gaqvdie,t3_jlmv1m
2101,gaqvdih,t3_jll3r9
2102,gaqvdo1,t3_jlmv1m
2103,gaqvdtd,t3_jlkz1q
2104,gaqve1p,t3_jlkz1q
2105,gaqveax,t3_jllrlg
2106,gaqvef3,t3_jlrlii
2107,gaqvelh,t3_jlnbnr
2108,gaqv3py,t3_jlmv1m
2109,gaqv3rk,t3_jlkz1q
2110,gaqv40o,t3_jlmv1m
2111,gaqv4av,t3_jlp4tv
2112,gaqv4c9,t3_jlkz1q
2113,gaqv4m0,t3_jlmv1m
2114,gaqv4p4,t3_jlkz1q
2115,gaqv4qr,t3_jlnbnr
2116,gaqv4zd,t3_jlgwiz
2117,gaqv508,t3_jlj26s
2118,gaqv597,t3_jlhr2i
2119,gaqv5qb,t3_jll3r9
2120,gaqv5s3,t3_jlp4tv
2121,gaqv626,t3_jk9pqe
2122,gaqv6ch,t3_jlnbnr
2123,gaqv6e3,t3_jlkz1q
2124,gaqv6qp,t3_jlkz1q
2125,gaqv6sn,t3_jldpu2
2126,gaqv6sx,t3_jlkz1q
2127,gaqv6x9,t3_jldpu2
2128,gaqv6xf,t3_jlkz1q
2129,gaqv764,t3_jlkz1q
2130,gaqv7ia,t3_jlksos
2131,gaqv7xc,t3_jlmv1m
2132,gaqv7yh,t3_jlkz1q
2133,gaqv7ym,t3_jlkz1q
2134,gaqv89m,t3_jlkz1q
2135,gaqv8jt,t3_jlkz1q
2136,gaqv8kf,t3_jls5lf
2137,gaqv91v,t3_jlkz1q
2138,gaqv952,t3_jlkz1q
2139,gaqv96w,t3_jlkz1q
2140,gaqv9f6,t3_jlj3y8
2141,gaqv9gj,t3_jls50o
2142,gaqv9hl,t3_jlkz1q
2143,gaqv9ms,t3_jlkz1q
2144,gaqv9sv,t3_jlkz1q
2145,gaqv9t1,t3_jlnbnr
2146,gaqva00,t3_jlnbnr
2147,gaqva3q,t3_jlnbnr
2148,gaqva76,t3_jll3r9
2149,gaqvag8,t3_jhf87z
2150,gaqvah8,t3_jlkz1q
2151,gaqvahi,t3_jlrlii
2152,gaqvaih,t3_jlstan
2153,gaqvain,t3_jlkz1q
2154,gaqvan9,t3_jlkz1q
2155,gaqvanv,t3_jlkz1q
2156,gaqvb77,t3_jlf99p
2157,gaqvbc0,t3_jlkz1q
2158,gaqvbj0,t3_jlkz1q
2159,gaqvbjk,t3_jll3r9
2160,gaqvbzv,t3_jlkz1q
2161,gaqvc8d,t3_jlkz1q
2162,gaqvc8v,t3_jlkz1q
2163,gaqvcfa,t3_jl4eoi
2164,gaqvcfx,t3_jlksos
2165,gaqvcni,t3_jlkz1q
2166,gaqvcrx,t3_jldpu2
2167,gaqvcyq,t3_jlkz1q
2168,gaqvd09,t3_jlkz1q
2169,gaqvd10,t3_jlksos
2170,gaqvdib,t3_jlo5t6
2171,gaqvdie,t3_jlmv1m
2172,gaqvdih,t3_jll3r9
2173,gaqvdo1,t3_jlmv1m
2174,gaqvdtd,t3_jlkz1q
2175,gaqve1p,t3_jlkz1q
2176,gaqveax,t3_jllrlg
2177,gaqvef3,t3_jlrlii
2178,gaqv3py,t3_jlmv1m
2179,gaqv3rk,t3_jlkz1q
2180,gaqv40o,t3_jlmv1m
2181,gaqv4av,t3_jlp4tv
2182,gaqv4c9,t3_jlkz1q
2183,gaqv4m0,t3_jlmv1m
2184,gaqv4p4,t3_jlkz1q
2185,gaqv4qr,t3_jlnbnr
2186,gaqv4zd,t3_jlgwiz
2187,gaqv508,t3_jlj26s
2188,gaqv597,t3_jlhr2i
2189,gaqv5qb,t3_jll3r9
2190,gaqv5s3,t3_jlp4tv
2191,gaqv626,t3_jk9pqe
2192,gaqv6ch,t3_jlnbnr
2193,gaqv6e3,t3_jlkz1q
2194,gaqv6qp,t3_jlkz1q
2195,gaqv6sn,t3_jldpu2
2196,gaqv6sx,t3_jlkz1q
2197,gaqv6x9,t3_jldpu2
2198,gaqv6xf,t3_jlkz1q
2199,gaqv764,t3_jlkz1q
2200,gaqv7ia,t3_jlksos
2201,gaqv7xc,t3_jlmv1m
2202,gaqv7yh,t3_jlkz1q
2203,gaqv7ym,t3_jlkz1q
2204,gaqv89m,t3_jlkz1q
2205,gaqv8jt,t3_jlkz1q
2206,gaqv8kf,t3_jls5lf
2207,gaqv91v,t3_jlkz1q
2208,gaqv952,t3_jlkz1q
2209,gaqv96w,t3_jlkz1q
2210,gaqv9f6,t3_jlj3y8
2211,gaqv9gj,t3_jls50o
2212,gaqv9hl,t3_jlkz1q
2213,gaqv9ms,t3_jlkz1q
2214,gaqv9sv,t3_jlkz1q
2215,gaqv9t1,t3_jlnbnr
2216,gaqva00,t3_jlnbnr
2217,gaqva3q,t3_jlnbnr
2218,gaqva76,t3_jll3r9
2219,gaqvag8,t3_jhf87z
2220,gaqvah8,t3_jlkz1q
2221,gaqvahi,t3_jlrlii
2222,gaqvaih,t3_jlstan
2223,gaqvain,t3_jlkz1q
2224,gaqvan9,t3_jlkz1q
2225,gaqvanv,t3_jlkz1q
2226,gaqvb77,t3_jlf99p
2227,gaqvbc0,t3_jlkz1q
2228,gaqvbj0,t3_jlkz1q
2229,gaqvbjk,t3_jll3r9
2230,gaqvbzv,t3_jlkz1q
2231,gaqvc8d,t3_jlkz1q
2232,gaqvc8v,t3_jlkz1q
2233,gaqvcfa,t3_jl4eoi
2234,gaqvcfx,t3_jlksos
2235,gaqvcni,t3_jlkz1q
2236,gaqvcrx,t3_jldpu2
2237,gaqvcyq,t3_jlkz1q
2238,gaqvd09,t3_jlkz1q
2239,gaqvd10,t3_jlksos
2240,gaqvdib,t3_jlo5t6
2241,gaqvdie,t3_jlmv1m
2242,gaqvdih,t3_jll3r9
2243,gaqvdo1,t3_jlmv1m
2244,gaqvdtd,t3_jlkz1q
2245,gaqve1p,t3_jlkz1q
2246,gaqveax,t3_jllrlg
2247,gaqv3py,t3_jlmv1m
2248,gaqv3rk,t3_jlkz1q
2249,gaqv40o,t3_jlmv1m
2250,gaqv4av,t3_jlp4tv
2251,gaqv4c9,t3_jlkz1q
2252,gaqv4m0,t3_jlmv1m
2253,gaqv4p4,t3_jlkz1q
2254,gaqv4qr,t3_jlnbnr
2255,gaqv4zd,t3_jlgwiz
2256,gaqv508,t3_jlj26s
2257,gaqv597,t3_jlhr2i
2258,gaqv5qb,t3_jll3r9
2259,gaqv5s3,t3_jlp4tv
2260,gaqv626,t3_jk9pqe
2261,gaqv6ch,t3_jlnbnr
2262,gaqv6e3,t3_jlkz1q
2263,gaqv6qp,t3_jlkz1q
2264,gaqv6sn,t3_jldpu2
2265,gaqv6sx,t3_jlkz1q
2266,gaqv6x9,t3_jldpu2
2267,gaqv6xf,t3_jlkz1q
2268,gaqv764,t3_jlkz1q
2269,gaqv7ia,t3_jlksos
2270,gaqv7xc,t3_jlmv1m
2271,gaqv7yh,t3_jlkz1q
2272,gaqv7ym,t3_jlkz1q
2273,gaqv89m,t3_jlkz1q
2274,gaqv8jt,t3_jlkz1q
2275,gaqv8kf,t3_jls5lf
2276,gaqv91v,t3_jlkz1q
2277,gaqv952,t3_jlkz1q
2278,gaqv96w,t3_jlkz1q
2279,gaqv9f6,t3_jlj3y8
2280,gaqv9gj,t3_jls50o
2281,gaqv9hl,t3_jlkz1q
2282,gaqv9ms,t3_jlkz1q
2283,gaqv9sv,t3_jlkz1q
2284,gaqv9t1,t3_jlnbnr
2285,gaqva00,t3_jlnbnr
2286,gaqva3q,t3_jlnbnr
2287,gaqva76,t3_jll3r9
2288,gaqvag8,t3_jhf87z
2289,gaqvah8,t3_jlkz1q
2290,gaqvahi,t3_jlrlii
2291,gaqvaih,t3_jlstan
2292,gaqvain,t3_jlkz1q
2293,gaqvan9,t3_jlkz1q
2294,gaqvanv,t3_jlkz1q
2295,gaqvb77,t3_jlf99p
2296,gaqvbc0,t3_jlkz1q
2297,gaqvbj0,t3_jlkz1q
2298,gaqvbjk,t3_jll3r9
2299,gaqvbzv,t3_jlkz1q
2300,gaqvc8d,t3_jlkz1q
2301,gaqvc8v,t3_jlkz1q
2302,gaqvcfa,t3_jl4eoi
2303,gaqvcfx,t3_jlksos
2304,gaqvcni,t3_jlkz1q
2305,gaqvcrx,t3_jldpu2
2306,gaqvcyq,t3_jlkz1q
2307,gaqvd09,t3_jlkz1q
2308,gaqvd10,t3_jlksos
2309,gaqvdib,t3_jlo5t6
2310,gaqvdie,t3_jlmv1m
2311,gaqvdih,t3_jll3r9
2312,gaqvdo1,t3_jlmv1m
2313,gaqvdtd,t3_jlkz1q
2314,gaqve1p,t3_jlkz1q
2315,gaqv3py,t3_jlmv1m
2316,gaqv3rk,t3_jlkz1q
2317,gaqv40o,t3_jlmv1m
2318,gaqv4av,t3_jlp4tv
2319,gaqv4c9,t3_jlkz1q
2320,gaqv4m0,t3_jlmv1m
2321,gaqv4p4,t3_jlkz1q
2322,gaqv4qr,t3_jlnbnr
2323,gaqv4zd,t3_jlgwiz
2324,gaqv508,t3_jlj26s
2325,gaqv597,t3_jlhr2i
2326,gaqv5qb,t3_jll3r9
2327,gaqv5s3,t3_jlp4tv
2328,gaqv626,t3_jk9pqe
2329,gaqv6ch,t3_jlnbnr
2330,gaqv6e3,t3_jlkz1q
2331,gaqv6qp,t3_jlkz1q
2332,gaqv6sn,t3_jldpu2
2333,gaqv6sx,t3_jlkz1q
2334,gaqv6x9,t3_jldpu2
2335,gaqv6xf,t3_jlkz1q
2336,gaqv764,t3_jlkz1q
2337,gaqv7ia,t3_jlksos
2338,gaqv7xc,t3_jlmv1m
2339,gaqv7yh,t3_jlkz1q
2340,gaqv7ym,t3_jlkz1q
2341,gaqv89m,t3_jlkz1q
2342,gaqv8jt,t3_jlkz1q
2343,gaqv8kf,t3_jls5lf
2344,gaqv91v,t3_jlkz1q
2345,gaqv952,t3_jlkz1q
2346,gaqv96w,t3_jlkz1q
2347,gaqv9f6,t3_jlj3y8
2348,gaqv9gj,t3_jls50o
2349,gaqv9hl,t3_jlkz1q
2350,gaqv9ms,t3_jlkz1q
2351,gaqv9sv,t3_jlkz1q
2352,gaqv9t1,t3_jlnbnr
2353,gaqva00,t3_jlnbnr
2354,gaqva3q,t3_jlnbnr
2355,gaqva76,t3_jll3r9
2356,gaqvag8,t3_jhf87z
2357,gaqvah8,t3_jlkz1q
2358,gaqvahi,t3_jlrlii
2359,gaqvaih,t3_jlstan
2360,gaqvain,t3_jlkz1q
2361,gaqvan9,t3_jlkz1q
2362,gaqvanv,t3_jlkz1q
2363,gaqvb77,t3_jlf99p
2364,gaqvbc0,t3_jlkz1q
2365,gaqvbj0,t3_jlkz1q
2366,gaqvbjk,t3_jll3r9
2367,gaqvbzv,t3_jlkz1q
2368,gaqvc8d,t3_jlkz1q
2369,gaqvc8v,t3_jlkz1q
2370,gaqvcfa,t3_jl4eoi
2371,gaqvcfx,t3_jlksos
2372,gaqvcni,t3_jlkz1q
2373,gaqvcrx,t3_jldpu2
2374,gaqvcyq,t3_jlkz1q
2375,gaqvd09,t3_jlkz1q
2376,gaqvd10,t3_jlksos
2377,gaqvdib,t3_jlo5t6
2378,gaqvdie,t3_jlmv1m
2379,gaqvdih,t3_jll3r9
2380,gaqvdo1,t3_jlmv1m
2381,gaqvdtd,t3_jlkz1q
2382,gaqv3py,t3_jlmv1m
2383,gaqv3rk,t3_jlkz1q
2384,gaqv40o,t3_jlmv1m
2385,gaqv4av,t3_jlp4tv
2386,gaqv4c9,t3_jlkz1q
2387,gaqv4m0,t3_jlmv1m
2388,gaqv4p4,t3_jlkz1q
2389,gaqv4qr,t3_jlnbnr
2390,gaqv4zd,t3_jlgwiz
2391,gaqv508,t3_jlj26s
2392,gaqv597,t3_jlhr2i
2393,gaqv5qb,t3_jll3r9
2394,gaqv5s3,t3_jlp4tv
2395,gaqv626,t3_jk9pqe
2396,gaqv6ch,t3_jlnbnr
2397,gaqv6e3,t3_jlkz1q
2398,gaqv6qp,t3_jlkz1q
2399,gaqv6sn,t3_jldpu2
2400,gaqv6sx,t3_jlkz1q
2401,gaqv6x9,t3_jldpu2
2402,gaqv6xf,t3_jlkz1q
2403,gaqv764,t3_jlkz1q
2404,gaqv7ia,t3_jlksos
2405,gaqv7xc,t3_jlmv1m
2406,gaqv7yh,t3_jlkz1q
2407,gaqv7ym,t3_jlkz1q
2408,gaqv89m,t3_jlkz1q
2409,gaqv8jt,t3_jlkz1q
2410,gaqv8kf,t3_jls5lf
2411,gaqv91v,t3_jlkz1q
2412,gaqv952,t3_jlkz1q
2413,gaqv96w,t3_jlkz1q
2414,gaqv9f6,t3_jlj3y8
2415,gaqv9gj,t3_jls50o
2416,gaqv9hl,t3_jlkz1q
2417,gaqv9ms,t3_jlkz1q
2418,gaqv9sv,t3_jlkz1q
2419,gaqv9t1,t3_jlnbnr
2420,gaqva00,t3_jlnbnr
2421,gaqva3q,t3_jlnbnr
2422,gaqva76,t3_jll3r9
2423,gaqvag8,t3_jhf87z
2424,gaqvah8,t3_jlkz1q
2425,gaqvahi,t3_jlrlii
2426,gaqvaih,t3_jlstan
2427,gaqvain,t3_jlkz1q
2428,gaqvan9,t3_jlkz1q
2429,gaqvanv,t3_jlkz1q
2430,gaqvb77,t3_jlf99p
2431,gaqvbc0,t3_jlkz1q
2432,gaqvbj0,t3_jlkz1q
2433,gaqvbjk,t3_jll3r9
2434,gaqvbzv,t3_jlkz1q
2435,gaqvc8d,t3_jlkz1q
2436,gaqvc8v,t3_jlkz1q
2437,gaqvcfa,t3_jl4eoi
2438,gaqvcfx,t3_jlksos
2439,gaqvcni,t3_jlkz1q
2440,gaqvcrx,t3_jldpu2
2441,gaqvcyq,t3_jlkz1q
2442,gaqvd09,t3_jlkz1q
2443,gaqvd10,t3_jlksos
2444,gaqvdib,t3_jlo5t6
2445,gaqvdie,t3_jlmv1m
2446,gaqvdih,t3_jll3r9
2447,gaqvdo1,t3_jlmv1m
2448,gaqv3py,t3_jlmv1m
2449,gaqv3rk,t3_jlkz1q
2450,gaqv40o,t3_jlmv1m
2451,gaqv4av,t3_jlp4tv
2452,gaqv4c9,t3_jlkz1q
2453,gaqv4m0,t3_jlmv1m
2454,gaqv4p4,t3_jlkz1q
2455,gaqv4qr,t3_jlnbnr
2456,gaqv4zd,t3_jlgwiz
2457,gaqv508,t3_jlj26s
2458,gaqv597,t3_jlhr2i
2459,gaqv5qb,t3_jll3r9
2460,gaqv5s3,t3_jlp4tv
2461,gaqv626,t3_jk9pqe
2462,gaqv6ch,t3_jlnbnr
2463,gaqv6e3,t3_jlkz1q
2464,gaqv6qp,t3_jlkz1q
2465,gaqv6sn,t3_jldpu2
2466,gaqv6sx,t3_jlkz1q
2467,gaqv6x9,t3_jldpu2
2468,gaqv6xf,t3_jlkz1q
2469,gaqv764,t3_jlkz1q
2470,gaqv7ia,t3_jlksos
2471,gaqv7xc,t3_jlmv1m
2472,gaqv7yh,t3_jlkz1q
2473,gaqv7ym,t3_jlkz1q
2474,gaqv89m,t3_jlkz1q
2475,gaqv8jt,t3_jlkz1q
2476,gaqv8kf,t3_jls5lf
2477,gaqv91v,t3_jlkz1q
2478,gaqv952,t3_jlkz1q
2479,gaqv96w,t3_jlkz1q
2480,gaqv9f6,t3_jlj3y8
2481,gaqv9gj,t3_jls50o
2482,gaqv9hl,t3_jlkz1q
2483,gaqv9ms,t3_jlkz1q
2484,gaqv9sv,t3_jlkz1q
2485,gaqv9t1,t3_jlnbnr
2486,gaqva00,t3_jlnbnr
2487,gaqva3q,t3_jlnbnr
2488,gaqva76,t3_jll3r9
2489,gaqvag8,t3_jhf87z
2490,gaqvah8,t3_jlkz1q
2491,gaqvahi,t3_jlrlii
2492,gaqvaih,t3_jlstan
2493,gaqvain,t3_jlkz1q
2494,gaqvan9,t3_jlkz1q
2495,gaqvanv,t3_jlkz1q
2496,gaqvb77,t3_jlf99p
2497,gaqvbc0,t3_jlkz1q
2498,gaqvbj0,t3_jlkz1q
2499,gaqvbjk,t3_jll3r9
2500,gaqvbzv,t3_jlkz1q
2501,gaqvc8d,t3_jlkz1q
2502,gaqvc8v,t3_jlkz1q
2503,gaqvcfa,t3_jl4eoi
2504,gaqvcfx,t3_jlksos
2505,gaqvcni,t3_jlkz1q
2506,gaqvcrx,t3_jldpu2
2507,gaqvcyq,t3_jlkz1q
2508,gaqvd09,t3_jlkz1q
2509,gaqvd10,t3_jlksos
2510,gaqvdib,t3_jlo5t6
2511,gaqvdie,t3_jlmv1m
2512,gaqvdih,t3_jll3r9
2513,gaqv3py,t3_jlmv1m
2514,gaqv3rk,t3_jlkz1q
2515,gaqv40o,t3_jlmv1m
2516,gaqv4av,t3_jlp4tv
2517,gaqv4c9,t3_jlkz1q
2518,gaqv4m0,t3_jlmv1m
2519,gaqv4p4,t3_jlkz1q
2520,gaqv4qr,t3_jlnbnr
2521,gaqv4zd,t3_jlgwiz
2522,gaqv508,t3_jlj26s
2523,gaqv597,t3_jlhr2i
2524,gaqv5qb,t3_jll3r9
2525,gaqv5s3,t3_jlp4tv
2526,gaqv626,t3_jk9pqe
2527,gaqv6ch,t3_jlnbnr
2528,gaqv6e3,t3_jlkz1q
2529,gaqv6qp,t3_jlkz1q
2530,gaqv6sn,t3_jldpu2
2531,gaqv6sx,t3_jlkz1q
2532,gaqv6x9,t3_jldpu2
2533,gaqv6xf,t3_jlkz1q
2534,gaqv764,t3_jlkz1q
2535,gaqv7ia,t3_jlksos
2536,gaqv7xc,t3_jlmv1m
2537,gaqv7yh,t3_jlkz1q
2538,gaqv7ym,t3_jlkz1q
2539,gaqv89m,t3_jlkz1q
2540,gaqv8jt,t3_jlkz1q
2541,gaqv8kf,t3_jls5lf
2542,gaqv91v,t3_jlkz1q
2543,gaqv952,t3_jlkz1q
2544,gaqv96w,t3_jlkz1q
2545,gaqv9f6,t3_jlj3y8
2546,gaqv9gj,t3_jls50o
2547,gaqv9hl,t3_jlkz1q
2548,gaqv9ms,t3_jlkz1q
2549,gaqv9sv,t3_jlkz1q
2550,gaqv9t1,t3_jlnbnr
2551,gaqva00,t3_jlnbnr
2552,gaqva3q,t3_jlnbnr
2553,gaqva76,t3_jll3r9
2554,gaqvag8,t3_jhf87z
2555,gaqvah8,t3_jlkz1q
2556,gaqvahi,t3_jlrlii
2557,gaqvaih,t3_jlstan
2558,gaqvain,t3_jlkz1q
2559,gaqvan9,t3_jlkz1q
2560,gaqvanv,t3_jlkz1q
2561,gaqvb77,t3_jlf99p
2562,gaqvbc0,t3_jlkz1q
2563,gaqvbj0,t3_jlkz1q
2564,gaqvbjk,t3_jll3r9
2565,gaqvbzv,t3_jlkz1q
2566,gaqvc8d,t3_jlkz1q
2567,gaqvc8v,t3_jlkz1q
2568,gaqvcfa,t3_jl4eoi
2569,gaqvcfx,t3_jlksos
2570,gaqvcni,t3_jlkz1q
2571,gaqvcrx,t3_jldpu2
2572,gaqvcyq,t3_jlkz1q
2573,gaqvd09,t3_jlkz1q
2574,gaqvd10,t3_jlksos
2575,gaqv3py,t3_jlmv1m
2576,gaqv3rk,t3_jlkz1q
2577,gaqv40o,t3_jlmv1m
2578,gaqv4av,t3_jlp4tv
2579,gaqv4c9,t3_jlkz1q
2580,gaqv4m0,t3_jlmv1m
2581,gaqv4p4,t3_jlkz1q
2582,gaqv4qr,t3_jlnbnr
2583,gaqv4zd,t3_jlgwiz
2584,gaqv508,t3_jlj26s
2585,gaqv597,t3_jlhr2i
2586,gaqv5qb,t3_jll3r9
2587,gaqv5s3,t3_jlp4tv
2588,gaqv626,t3_jk9pqe
2589,gaqv6ch,t3_jlnbnr
2590,gaqv6e3,t3_jlkz1q
2591,gaqv6qp,t3_jlkz1q
2592,gaqv6sn,t3_jldpu2
2593,gaqv6sx,t3_jlkz1q
2594,gaqv6x9,t3_jldpu2
2595,gaqv6xf,t3_jlkz1q
2596,gaqv764,t3_jlkz1q
2597,gaqv7ia,t3_jlksos
2598,gaqv7xc,t3_jlmv1m
2599,gaqv7yh,t3_jlkz1q
2600,gaqv7ym,t3_jlkz1q
2601,gaqv89m,t3_jlkz1q
2602,gaqv8jt,t3_jlkz1q
2603,gaqv8kf,t3_jls5lf
2604,gaqv91v,t3_jlkz1q
2605,gaqv952,t3_jlkz1q
2606,gaqv96w,t3_jlkz1q
2607,gaqv9f6,t3_jlj3y8
2608,gaqv9gj,t3_jls50o
2609,gaqv9hl,t3_jlkz1q
2610,gaqv9ms,t3_jlkz1q
2611,gaqv9sv,t3_jlkz1q
2612,gaqv9t1,t3_jlnbnr
2613,gaqva00,t3_jlnbnr
2614,gaqva3q,t3_jlnbnr
2615,gaqva76,t3_jll3r9
2616,gaqvag8,t3_jhf87z
2617,gaqvah8,t3_jlkz1q
2618,gaqvahi,t3_jlrlii
2619,gaqvaih,t3_jlstan
2620,gaqvain,t3_jlkz1q
2621,gaqvan9,t3_jlkz1q
2622,gaqvanv,t3_jlkz1q
2623,gaqvb77,t3_jlf99p
2624,gaqvbc0,t3_jlkz1q
2625,gaqvbj0,t3_jlkz1q
2626,gaqvbjk,t3_jll3r9
2627,gaqvbzv,t3_jlkz1q
2628,gaqvc8d,t3_jlkz1q
2629,gaqvc8v,t3_jlkz1q
2630,gaqvcfa,t3_jl4eoi
2631,gaqvcfx,t3_jlksos
2632,gaqvcni,t3_jlkz1q
2633,gaqvcrx,t3_jldpu2
2634,gaqvcyq,t3_jlkz1q
2635,gaqv3py,t3_jlmv1m
2636,gaqv3rk,t3_jlkz1q
2637,gaqv40o,t3_jlmv1m
2638,gaqv4av,t3_jlp4tv
2639,gaqv4c9,t3_jlkz1q
2640,gaqv4m0,t3_jlmv1m
2641,gaqv4p4,t3_jlkz1q
2642,gaqv4qr,t3_jlnbnr
2643,gaqv4zd,t3_jlgwiz
2644,gaqv508,t3_jlj26s
2645,gaqv597,t3_jlhr2i
2646,gaqv5qb,t3_jll3r9
2647,gaqv5s3,t3_jlp4tv
2648,gaqv626,t3_jk9pqe
2649,gaqv6ch,t3_jlnbnr
2650,gaqv6e3,t3_jlkz1q
2651,gaqv6qp,t3_jlkz1q
2652,gaqv6sn,t3_jldpu2
2653,gaqv6sx,t3_jlkz1q
2654,gaqv6x9,t3_jldpu2
2655,gaqv6xf,t3_jlkz1q
2656,gaqv764,t3_jlkz1q
2657,gaqv7ia,t3_jlksos
2658,gaqv7xc,t3_jlmv1m
2659,gaqv7yh,t3_jlkz1q
2660,gaqv7ym,t3_jlkz1q
2661,gaqv89m,t3_jlkz1q
2662,gaqv8jt,t3_jlkz1q
2663,gaqv8kf,t3_jls5lf
2664,gaqv91v,t3_jlkz1q
2665,gaqv952,t3_jlkz1q
2666,gaqv96w,t3_jlkz1q
2667,gaqv9f6,t3_jlj3y8
2668,gaqv9gj,t3_jls50o
2669,gaqv9hl,t3_jlkz1q
2670,gaqv9ms,t3_jlkz1q
2671,gaqv9sv,t3_jlkz1q
2672,gaqv9t1,t3_jlnbnr
2673,gaqva00,t3_jlnbnr
2674,gaqva3q,t3_jlnbnr
2675,gaqva76,t3_jll3r9
2676,gaqvag8,t3_jhf87z
2677,gaqvah8,t3_jlkz1q
2678,gaqvahi,t3_jlrlii
2679,gaqvaih,t3_jlstan
2680,gaqvain,t3_jlkz1q
2681,gaqvan9,t3_jlkz1q
2682,gaqvanv,t3_jlkz1q
2683,gaqvb77,t3_jlf99p
2684,gaqvbc0,t3_jlkz1q
2685,gaqvbj0,t3_jlkz1q
2686,gaqvbjk,t3_jll3r9
2687,gaqvbzv,t3_jlkz1q
2688,gaqvc8d,t3_jlkz1q
2689,gaqvc8v,t3_jlkz1q
2690,gaqvcfa,t3_jl4eoi
2691,gaqvcfx,t3_jlksos
2692,gaqvcni,t3_jlkz1q
2693,gaqvcrx,t3_jldpu2
2694,gaqv3py,t3_jlmv1m
2695,gaqv3rk,t3_jlkz1q
2696,gaqv40o,t3_jlmv1m
2697,gaqv4av,t3_jlp4tv
2698,gaqv4c9,t3_jlkz1q
2699,gaqv4m0,t3_jlmv1m
2700,gaqv4p4,t3_jlkz1q
2701,gaqv4qr,t3_jlnbnr
2702,gaqv4zd,t3_jlgwiz
2703,gaqv508,t3_jlj26s
2704,gaqv597,t3_jlhr2i
2705,gaqv5qb,t3_jll3r9
2706,gaqv5s3,t3_jlp4tv
2707,gaqv626,t3_jk9pqe
2708,gaqv6ch,t3_jlnbnr
2709,gaqv6e3,t3_jlkz1q
2710,gaqv6qp,t3_jlkz1q
2711,gaqv6sn,t3_jldpu2
2712,gaqv6sx,t3_jlkz1q
2713,gaqv6x9,t3_jldpu2
2714,gaqv6xf,t3_jlkz1q
2715,gaqv764,t3_jlkz1q
2716,gaqv7ia,t3_jlksos
2717,gaqv7xc,t3_jlmv1m
2718,gaqv7yh,t3_jlkz1q
2719,gaqv7ym,t3_jlkz1q
2720,gaqv89m,t3_jlkz1q
2721,gaqv8jt,t3_jlkz1q
2722,gaqv8kf,t3_jls5lf
2723,gaqv91v,t3_jlkz1q
2724,gaqv952,t3_jlkz1q
2725,gaqv96w,t3_jlkz1q
2726,gaqv9f6,t3_jlj3y8
2727,gaqv9gj,t3_jls50o
2728,gaqv9hl,t3_jlkz1q
2729,gaqv9ms,t3_jlkz1q
2730,gaqv9sv,t3_jlkz1q
2731,gaqv9t1,t3_jlnbnr
2732,gaqva00,t3_jlnbnr
2733,gaqva3q,t3_jlnbnr
2734,gaqva76,t3_jll3r9
2735,gaqvag8,t3_jhf87z
2736,gaqvah8,t3_jlkz1q
2737,gaqvahi,t3_jlrlii
2738,gaqvaih,t3_jlstan
2739,gaqvain,t3_jlkz1q
2740,gaqvan9,t3_jlkz1q
2741,gaqvanv,t3_jlkz1q
2742,gaqvb77,t3_jlf99p
2743,gaqvbc0,t3_jlkz1q
2744,gaqvbj0,t3_jlkz1q
2745,gaqvbjk,t3_jll3r9
2746,gaqvbzv,t3_jlkz1q
2747,gaqvc8d,t3_jlkz1q
2748,gaqvc8v,t3_jlkz1q
2749,gaqvcfa,t3_jl4eoi
2750,gaqvcfx,t3_jlksos
2751,gaqvcni,t3_jlkz1q
2752,gaqv3py,t3_jlmv1m
2753,gaqv3rk,t3_jlkz1q
2754,gaqv40o,t3_jlmv1m
2755,gaqv4av,t3_jlp4tv
2756,gaqv4c9,t3_jlkz1q
2757,gaqv4m0,t3_jlmv1m
2758,gaqv4p4,t3_jlkz1q
2759,gaqv4qr,t3_jlnbnr
2760,gaqv4zd,t3_jlgwiz
2761,gaqv508,t3_jlj26s
2762,gaqv597,t3_jlhr2i
2763,gaqv5qb,t3_jll3r9
2764,gaqv5s3,t3_jlp4tv
2765,gaqv626,t3_jk9pqe
2766,gaqv6ch,t3_jlnbnr
2767,gaqv6e3,t3_jlkz1q
2768,gaqv6qp,t3_jlkz1q
2769,gaqv6sn,t3_jldpu2
2770,gaqv6sx,t3_jlkz1q
2771,gaqv6x9,t3_jldpu2
2772,gaqv6xf,t3_jlkz1q
2773,gaqv764,t3_jlkz1q
2774,gaqv7ia,t3_jlksos
2775,gaqv7xc,t3_jlmv1m
2776,gaqv7yh,t3_jlkz1q
2777,gaqv7ym,t3_jlkz1q
2778,gaqv89m,t3_jlkz1q
2779,gaqv8jt,t3_jlkz1q
2780,gaqv8kf,t3_jls5lf
2781,gaqv91v,t3_jlkz1q
2782,gaqv952,t3_jlkz1q
2783,gaqv96w,t3_jlkz1q
2784,gaqv9f6,t3_jlj3y8
2785,gaqv9gj,t3_jls50o
2786,gaqv9hl,t3_jlkz1q
2787,gaqv9ms,t3_jlkz1q
2788,gaqv9sv,t3_jlkz1q
2789,gaqv9t1,t3_jlnbnr
2790,gaqva00,t3_jlnbnr
2791,gaqva3q,t3_jlnbnr
2792,gaqva76,t3_jll3r9
2793,gaqvag8,t3_jhf87z
2794,gaqvah8,t3_jlkz1q
2795,gaqvahi,t3_jlrlii
2796,gaqvaih,t3_jlstan
2797,gaqvain,t3_jlkz1q
2798,gaqvan9,t3_jlkz1q
2799,gaqvanv,t3_jlkz1q
2800,gaqvb77,t3_jlf99p
2801,gaqvbc0,t3_jlkz1q
2802,gaqvbj0,t3_jlkz1q
2803,gaqvbjk,t3_jll3r9
2804,gaqvbzv,t3_jlkz1q
2805,gaqvc8d,t3_jlkz1q
2806,gaqvc8v,t3_jlkz1q
2807,gaqvcfa,t3_jl4eoi
2808,gaqvcfx,t3_jlksos
2809,gaqv3py,t3_jlmv1m
2810,gaqv3rk,t3_jlkz1q
2811,gaqv40o,t3_jlmv1m
2812,gaqv4av,t3_jlp4tv
2813,gaqv4c9,t3_jlkz1q
2814,gaqv4m0,t3_jlmv1m
2815,gaqv4p4,t3_jlkz1q
2816,gaqv4qr,t3_jlnbnr
2817,gaqv4zd,t3_jlgwiz
2818,gaqv508,t3_jlj26s
2819,gaqv597,t3_jlhr2i
2820,gaqv5qb,t3_jll3r9
2821,gaqv5s3,t3_jlp4tv
2822,gaqv626,t3_jk9pqe
2823,gaqv6ch,t3_jlnbnr
2824,gaqv6e3,t3_jlkz1q
2825,gaqv6qp,t3_jlkz1q
2826,gaqv6sn,t3_jldpu2
2827,gaqv6sx,t3_jlkz1q
2828,gaqv6x9,t3_jldpu2
2829,gaqv6xf,t3_jlkz1q
2830,gaqv764,t3_jlkz1q
2831,gaqv7ia,t3_jlksos
2832,gaqv7xc,t3_jlmv1m
2833,gaqv7yh,t3_jlkz1q
2834,gaqv7ym,t3_jlkz1q
2835,gaqv89m,t3_jlkz1q
2836,gaqv8jt,t3_jlkz1q
2837,gaqv8kf,t3_jls5lf
2838,gaqv91v,t3_jlkz1q
2839,gaqv952,t3_jlkz1q
2840,gaqv96w,t3_jlkz1q
2841,gaqv9f6,t3_jlj3y8
2842,gaqv9gj,t3_jls50o
2843,gaqv9hl,t3_jlkz1q
2844,gaqv9ms,t3_jlkz1q
2845,gaqv9sv,t3_jlkz1q
2846,gaqv9t1,t3_jlnbnr
2847,gaqva00,t3_jlnbnr
2848,gaqva3q,t3_jlnbnr
2849,gaqva76,t3_jll3r9
2850,gaqvag8,t3_jhf87z
2851,gaqvah8,t3_jlkz1q
2852,gaqvahi,t3_jlrlii
2853,gaqvaih,t3_jlstan
2854,gaqvain,t3_jlkz1q
2855,gaqvan9,t3_jlkz1q
2856,gaqvanv,t3_jlkz1q
2857,gaqvb77,t3_jlf99p
2858,gaqvbc0,t3_jlkz1q
2859,gaqvbj0,t3_jlkz1q
2860,gaqvbjk,t3_jll3r9
2861,gaqvbzv,t3_jlkz1q
2862,gaqvc8d,t3_jlkz1q
2863,gaqvc8v,t3_jlkz1q
2864,gaqv3py,t3_jlmv1m
2865,gaqv3rk,t3_jlkz1q
2866,gaqv40o,t3_jlmv1m
2867,gaqv4av,t3_jlp4tv
2868,gaqv4c9,t3_jlkz1q
2869,gaqv4m0,t3_jlmv1m
2870,gaqv4p4,t3_jlkz1q
2871,gaqv4qr,t3_jlnbnr
2872,gaqv4zd,t3_jlgwiz
2873,gaqv508,t3_jlj26s
2874,gaqv597,t3_jlhr2i
2875,gaqv5qb,t3_jll3r9
2876,gaqv5s3,t3_jlp4tv
2877,gaqv626,t3_jk9pqe
2878,gaqv6ch,t3_jlnbnr
2879,gaqv6e3,t3_jlkz1q
2880,gaqv6qp,t3_jlkz1q
2881,gaqv6sn,t3_jldpu2
2882,gaqv6sx,t3_jlkz1q
2883,gaqv6x9,t3_jldpu2
2884,gaqv6xf,t3_jlkz1q
2885,gaqv764,t3_jlkz1q
2886,gaqv7ia,t3_jlksos
2887,gaqv7xc,t3_jlmv1m
2888,gaqv7yh,t3_jlkz1q
2889,gaqv7ym,t3_jlkz1q
2890,gaqv89m,t3_jlkz1q
2891,gaqv8jt,t3_jlkz1q
2892,gaqv8kf,t3_jls5lf
2893,gaqv91v,t3_jlkz1q
2894,gaqv952,t3_jlkz1q
2895,gaqv96w,t3_jlkz1q
2896,gaqv9f6,t3_jlj3y8
2897,gaqv9gj,t3_jls50o
2898,gaqv9hl,t3_jlkz1q
2899,gaqv9ms,t3_jlkz1q
2900,gaqv9sv,t3_jlkz1q
2901,gaqv9t1,t3_jlnbnr
2902,gaqva00,t3_jlnbnr
2903,gaqva3q,t3_jlnbnr
2904,gaqva76,t3_jll3r9
2905,gaqvag8,t3_jhf87z
2906,gaqvah8,t3_jlkz1q
2907,gaqvahi,t3_jlrlii
2908,gaqvaih,t3_jlstan
2909,gaqvain,t3_jlkz1q
2910,gaqvan9,t3_jlkz1q
2911,gaqvanv,t3_jlkz1q
2912,gaqvb77,t3_jlf99p
2913,gaqvbc0,t3_jlkz1q
2914,gaqvbj0,t3_jlkz1q
2915,gaqvbjk,t3_jll3r9
2916,gaqvbzv,t3_jlkz1q
2917,gaqv3py,t3_jlmv1m
2918,gaqv3rk,t3_jlkz1q
2919,gaqv40o,t3_jlmv1m
2920,gaqv4av,t3_jlp4tv
2921,gaqv4c9,t3_jlkz1q
2922,gaqv4m0,t3_jlmv1m
2923,gaqv4p4,t3_jlkz1q
2924,gaqv4qr,t3_jlnbnr
2925,gaqv4zd,t3_jlgwiz
2926,gaqv508,t3_jlj26s
2927,gaqv597,t3_jlhr2i
2928,gaqv5qb,t3_jll3r9
2929,gaqv5s3,t3_jlp4tv
2930,gaqv626,t3_jk9pqe
2931,gaqv6ch,t3_jlnbnr
2932,gaqv6e3,t3_jlkz1q
2933,gaqv6qp,t3_jlkz1q
2934,gaqv6sn,t3_jldpu2
2935,gaqv6sx,t3_jlkz1q
2936,gaqv6x9,t3_jldpu2
2937,gaqv6xf,t3_jlkz1q
2938,gaqv764,t3_jlkz1q
2939,gaqv7ia,t3_jlksos
2940,gaqv7xc,t3_jlmv1m
2941,gaqv7yh,t3_jlkz1q
2942,gaqv7ym,t3_jlkz1q
2943,gaqv89m,t3_jlkz1q
2944,gaqv8jt,t3_jlkz1q
2945,gaqv8kf,t3_jls5lf
2946,gaqv91v,t3_jlkz1q
2947,gaqv952,t3_jlkz1q
2948,gaqv96w,t3_jlkz1q
2949,gaqv9f6,t3_jlj3y8
2950,gaqv9gj,t3_jls50o
2951,gaqv9hl,t3_jlkz1q
2952,gaqv9ms,t3_jlkz1q
2953,gaqv9sv,t3_jlkz1q
2954,gaqv9t1,t3_jlnbnr
2955,gaqva00,t3_jlnbnr
2956,gaqva3q,t3_jlnbnr
2957,gaqva76,t3_jll3r9
2958,gaqvag8,t3_jhf87z
2959,gaqvah8,t3_jlkz1q
2960,gaqvahi,t3_jlrlii
2961,gaqvaih,t3_jlstan
2962,gaqvain,t3_jlkz1q
2963,gaqvan9,t3_jlkz1q
2964,gaqvanv,t3_jlkz1q
2965,gaqvb77,t3_jlf99p
2966,gaqvbc0,t3_jlkz1q
2967,gaqvbj0,t3_jlkz1q
2968,gaqvbjk,t3_jll3r9
2969,gaqv3py,t3_jlmv1m
2970,gaqv3rk,t3_jlkz1q
2971,gaqv40o,t3_jlmv1m
2972,gaqv4av,t3_jlp4tv
2973,gaqv4c9,t3_jlkz1q
2974,gaqv4m0,t3_jlmv1m
2975,gaqv4p4,t3_jlkz1q
2976,gaqv4qr,t3_jlnbnr
2977,gaqv4zd,t3_jlgwiz
2978,gaqv508,t3_jlj26s
2979,gaqv597,t3_jlhr2i
2980,gaqv5qb,t3_jll3r9
2981,gaqv5s3,t3_jlp4tv
2982,gaqv626,t3_jk9pqe
2983,gaqv6ch,t3_jlnbnr
2984,gaqv6e3,t3_jlkz1q
2985,gaqv6qp,t3_jlkz1q
2986,gaqv6sn,t3_jldpu2
2987,gaqv6sx,t3_jlkz1q
2988,gaqv6x9,t3_jldpu2
2989,gaqv6xf,t3_jlkz1q
2990,gaqv764,t3_jlkz1q
2991,gaqv7ia,t3_jlksos
2992,gaqv7xc,t3_jlmv1m
2993,gaqv7yh,t3_jlkz1q
2994,gaqv7ym,t3_jlkz1q
2995,gaqv89m,t3_jlkz1q
2996,gaqv8jt,t3_jlkz1q
2997,gaqv8kf,t3_jls5lf
2998,gaqv91v,t3_jlkz1q
2999,gaqv952,t3_jlkz1q
3000,gaqv96w,t3_jlkz1q
3001,gaqv9f6,t3_jlj3y8
3002,gaqv9gj,t3_jls50o
3003,gaqv9hl,t3_jlkz1q
3004,gaqv9ms,t3_jlkz1q
3005,gaqv9sv,t3_jlkz1q
3006,gaqv9t1,t3_jlnbnr
3007,gaqva00,t3_jlnbnr
3008,gaqva3q,t3_jlnbnr
3009,gaqva76,t3_jll3r9
3010,gaqvag8,t3_jhf87z
3011,gaqvah8,t3_jlkz1q
3012,gaqvahi,t3_jlrlii
3013,gaqvaih,t3_jlstan
3014,gaqvain,t3_jlkz1q
3015,gaqvan9,t3_jlkz1q
3016,gaqvanv,t3_jlkz1q
3017,gaqvb77,t3_jlf99p
3018,gaqvbc0,t3_jlkz1q
3019,gaqv3py,t3_jlmv1m
3020,gaqv3rk,t3_jlkz1q
3021,gaqv40o,t3_jlmv1m
3022,gaqv4av,t3_jlp4tv
3023,gaqv4c9,t3_jlkz1q
3024,gaqv4m0,t3_jlmv1m
3025,gaqv4p4,t3_jlkz1q
3026,gaqv4qr,t3_jlnbnr
3027,gaqv4zd,t3_jlgwiz
3028,gaqv508,t3_jlj26s
3029,gaqv597,t3_jlhr2i
3030,gaqv5qb,t3_jll3r9
3031,gaqv5s3,t3_jlp4tv
3032,gaqv626,t3_jk9pqe
3033,gaqv6ch,t3_jlnbnr
3034,gaqv6e3,t3_jlkz1q
3035,gaqv6qp,t3_jlkz1q
3036,gaqv6sn,t3_jldpu2
3037,gaqv6sx,t3_jlkz1q
3038,gaqv6x9,t3_jldpu2
3039,gaqv6xf,t3_jlkz1q
3040,gaqv764,t3_jlkz1q
3041,gaqv7ia,t3_jlksos
3042,gaqv7xc,t3_jlmv1m
3043,gaqv7yh,t3_jlkz1q
3044,gaqv7ym,t3_jlkz1q
3045,gaqv89m,t3_jlkz1q
3046,gaqv8jt,t3_jlkz1q
3047,gaqv8kf,t3_jls5lf
3048,gaqv91v,t3_jlkz1q
3049,gaqv952,t3_jlkz1q
3050,gaqv96w,t3_jlkz1q
3051,gaqv9f6,t3_jlj3y8
3052,gaqv9gj,t3_jls50o
3053,gaqv9hl,t3_jlkz1q
3054,gaqv9ms,t3_jlkz1q
3055,gaqv9sv,t3_jlkz1q
3056,gaqv9t1,t3_jlnbnr
3057,gaqva00,t3_jlnbnr
3058,gaqva3q,t3_jlnbnr
3059,gaqva76,t3_jll3r9
3060,gaqvag8,t3_jhf87z
3061,gaqvah8,t3_jlkz1q
3062,gaqvahi,t3_jlrlii
3063,gaqvaih,t3_jlstan
3064,gaqvain,t3_jlkz1q
3065,gaqvan9,t3_jlkz1q
3066,gaqvanv,t3_jlkz1q
3067,gaqvb77,t3_jlf99p
3068,gaqv3py,t3_jlmv1m
3069,gaqv3rk,t3_jlkz1q
3070,gaqv40o,t3_jlmv1m
3071,gaqv4av,t3_jlp4tv
3072,gaqv4c9,t3_jlkz1q
3073,gaqv4m0,t3_jlmv1m
3074,gaqv4p4,t3_jlkz1q
3075,gaqv4qr,t3_jlnbnr
3076,gaqv4zd,t3_jlgwiz
3077,gaqv508,t3_jlj26s
3078,gaqv597,t3_jlhr2i
3079,gaqv5qb,t3_jll3r9
3080,gaqv5s3,t3_jlp4tv
3081,gaqv626,t3_jk9pqe
3082,gaqv6ch,t3_jlnbnr
3083,gaqv6e3,t3_jlkz1q
3084,gaqv6qp,t3_jlkz1q
3085,gaqv6sn,t3_jldpu2
3086,gaqv6sx,t3_jlkz1q
3087,gaqv6x9,t3_jldpu2
3088,gaqv6xf,t3_jlkz1q
3089,gaqv764,t3_jlkz1q
3090,gaqv7ia,t3_jlksos
3091,gaqv7xc,t3_jlmv1m
3092,gaqv7yh,t3_jlkz1q
3093,gaqv7ym,t3_jlkz1q
3094,gaqv89m,t3_jlkz1q
3095,gaqv8jt,t3_jlkz1q
3096,gaqv8kf,t3_jls5lf
3097,gaqv91v,t3_jlkz1q
3098,gaqv952,t3_jlkz1q
3099,gaqv96w,t3_jlkz1q
3100,gaqv9f6,t3_jlj3y8
3101,gaqv9gj,t3_jls50o
3102,gaqv9hl,t3_jlkz1q
3103,gaqv9ms,t3_jlkz1q
3104,gaqv9sv,t3_jlkz1q
3105,gaqv9t1,t3_jlnbnr
3106,gaqva00,t3_jlnbnr
3107,gaqva3q,t3_jlnbnr
3108,gaqva76,t3_jll3r9
3109,gaqvag8,t3_jhf87z
3110,gaqvah8,t3_jlkz1q
3111,gaqvahi,t3_jlrlii
3112,gaqvaih,t3_jlstan
3113,gaqvain,t3_jlkz1q
3114,gaqvan9,t3_jlkz1q
3115,gaqvanv,t3_jlkz1q
3116,gaqv3py,t3_jlmv1m
3117,gaqv3rk,t3_jlkz1q
3118,gaqv40o,t3_jlmv1m
3119,gaqv4av,t3_jlp4tv
3120,gaqv4c9,t3_jlkz1q
3121,gaqv4m0,t3_jlmv1m
3122,gaqv4p4,t3_jlkz1q
3123,gaqv4qr,t3_jlnbnr
3124,gaqv4zd,t3_jlgwiz
3125,gaqv508,t3_jlj26s
3126,gaqv597,t3_jlhr2i
3127,gaqv5qb,t3_jll3r9
3128,gaqv5s3,t3_jlp4tv
3129,gaqv626,t3_jk9pqe
3130,gaqv6ch,t3_jlnbnr
3131,gaqv6e3,t3_jlkz1q
3132,gaqv6qp,t3_jlkz1q
3133,gaqv6sn,t3_jldpu2
3134,gaqv6sx,t3_jlkz1q
3135,gaqv6x9,t3_jldpu2
3136,gaqv6xf,t3_jlkz1q
3137,gaqv764,t3_jlkz1q
3138,gaqv7ia,t3_jlksos
3139,gaqv7xc,t3_jlmv1m
3140,gaqv7yh,t3_jlkz1q
3141,gaqv7ym,t3_jlkz1q
3142,gaqv89m,t3_jlkz1q
3143,gaqv8jt,t3_jlkz1q
3144,gaqv8kf,t3_jls5lf
3145,gaqv91v,t3_jlkz1q
3146,gaqv952,t3_jlkz1q
3147,gaqv96w,t3_jlkz1q
3148,gaqv9f6,t3_jlj3y8
3149,gaqv9gj,t3_jls50o
3150,gaqv9hl,t3_jlkz1q
3151,gaqv9ms,t3_jlkz1q
3152,gaqv9sv,t3_jlkz1q
3153,gaqv9t1,t3_jlnbnr
3154,gaqva00,t3_jlnbnr
3155,gaqva3q,t3_jlnbnr
3156,gaqva76,t3_jll3r9
3157,gaqvag8,t3_jhf87z
3158,gaqvah8,t3_jlkz1q
3159,gaqvahi,t3_jlrlii
3160,gaqvaih,t3_jlstan
3161,gaqvain,t3_jlkz1q
3162,gaqv3py,t3_jlmv1m
3163,gaqv3rk,t3_jlkz1q
3164,gaqv40o,t3_jlmv1m
3165,gaqv4av,t3_jlp4tv
3166,gaqv4c9,t3_jlkz1q
3167,gaqv4m0,t3_jlmv1m
3168,gaqv4p4,t3_jlkz1q
3169,gaqv4qr,t3_jlnbnr
3170,gaqv4zd,t3_jlgwiz
3171,gaqv508,t3_jlj26s
3172,gaqv597,t3_jlhr2i
3173,gaqv5qb,t3_jll3r9
3174,gaqv5s3,t3_jlp4tv
3175,gaqv626,t3_jk9pqe
3176,gaqv6ch,t3_jlnbnr
3177,gaqv6e3,t3_jlkz1q
3178,gaqv6qp,t3_jlkz1q
3179,gaqv6sn,t3_jldpu2
3180,gaqv6sx,t3_jlkz1q
3181,gaqv6x9,t3_jldpu2
3182,gaqv6xf,t3_jlkz1q
3183,gaqv764,t3_jlkz1q
3184,gaqv7ia,t3_jlksos
3185,gaqv7xc,t3_jlmv1m
3186,gaqv7yh,t3_jlkz1q
3187,gaqv7ym,t3_jlkz1q
3188,gaqv89m,t3_jlkz1q
3189,gaqv8jt,t3_jlkz1q
3190,gaqv8kf,t3_jls5lf
3191,gaqv91v,t3_jlkz1q
3192,gaqv952,t3_jlkz1q
3193,gaqv96w,t3_jlkz1q
3194,gaqv9f6,t3_jlj3y8
3195,gaqv9gj,t3_jls50o
3196,gaqv9hl,t3_jlkz1q
3197,gaqv9ms,t3_jlkz1q
3198,gaqv9sv,t3_jlkz1q
3199,gaqv9t1,t3_jlnbnr
3200,gaqva00,t3_jlnbnr
3201,gaqva3q,t3_jlnbnr
3202,gaqva76,t3_jll3r9
3203,gaqvag8,t3_jhf87z
3204,gaqvah8,t3_jlkz1q
3205,gaqvahi,t3_jlrlii
3206,gaqv3py,t3_jlmv1m
3207,gaqv3rk,t3_jlkz1q
3208,gaqv40o,t3_jlmv1m
3209,gaqv4av,t3_jlp4tv
3210,gaqv4c9,t3_jlkz1q
3211,gaqv4m0,t3_jlmv1m
3212,gaqv4p4,t3_jlkz1q
3213,gaqv4qr,t3_jlnbnr
3214,gaqv4zd,t3_jlgwiz
3215,gaqv508,t3_jlj26s
3216,gaqv597,t3_jlhr2i
3217,gaqv5qb,t3_jll3r9
3218,gaqv5s3,t3_jlp4tv
3219,gaqv626,t3_jk9pqe
3220,gaqv6ch,t3_jlnbnr
3221,gaqv6e3,t3_jlkz1q
3222,gaqv6qp,t3_jlkz1q
3223,gaqv6sn,t3_jldpu2
3224,gaqv6sx,t3_jlkz1q
3225,gaqv6x9,t3_jldpu2
3226,gaqv6xf,t3_jlkz1q
3227,gaqv764,t3_jlkz1q
3228,gaqv7ia,t3_jlksos
3229,gaqv7xc,t3_jlmv1m
3230,gaqv7yh,t3_jlkz1q
3231,gaqv7ym,t3_jlkz1q
3232,gaqv89m,t3_jlkz1q
3233,gaqv8jt,t3_jlkz1q
3234,gaqv8kf,t3_jls5lf
3235,gaqv91v,t3_jlkz1q
3236,gaqv952,t3_jlkz1q
3237,gaqv96w,t3_jlkz1q
3238,gaqv9f6,t3_jlj3y8
3239,gaqv9gj,t3_jls50o
3240,gaqv9hl,t3_jlkz1q
3241,gaqv9ms,t3_jlkz1q
3242,gaqv9sv,t3_jlkz1q
3243,gaqv9t1,t3_jlnbnr
3244,gaqva00,t3_jlnbnr
3245,gaqva3q,t3_jlnbnr
3246,gaqva76,t3_jll3r9
3247,gaqvag8,t3_jhf87z
3248,gaqv3py,t3_jlmv1m
3249,gaqv3rk,t3_jlkz1q
3250,gaqv40o,t3_jlmv1m
3251,gaqv4av,t3_jlp4tv
3252,gaqv4c9,t3_jlkz1q
3253,gaqv4m0,t3_jlmv1m
3254,gaqv4p4,t3_jlkz1q
3255,gaqv4qr,t3_jlnbnr
3256,gaqv4zd,t3_jlgwiz
3257,gaqv508,t3_jlj26s
3258,gaqv597,t3_jlhr2i
3259,gaqv5qb,t3_jll3r9
3260,gaqv5s3,t3_jlp4tv
3261,gaqv626,t3_jk9pqe
3262,gaqv6ch,t3_jlnbnr
3263,gaqv6e3,t3_jlkz1q
3264,gaqv6qp,t3_jlkz1q
3265,gaqv6sn,t3_jldpu2
3266,gaqv6sx,t3_jlkz1q
3267,gaqv6x9,t3_jldpu2
3268,gaqv6xf,t3_jlkz1q
3269,gaqv764,t3_jlkz1q
3270,gaqv7ia,t3_jlksos
3271,gaqv7xc,t3_jlmv1m
3272,gaqv7yh,t3_jlkz1q
3273,gaqv7ym,t3_jlkz1q
3274,gaqv89m,t3_jlkz1q
3275,gaqv8jt,t3_jlkz1q
3276,gaqv8kf,t3_jls5lf
3277,gaqv91v,t3_jlkz1q
3278,gaqv952,t3_jlkz1q
3279,gaqv96w,t3_jlkz1q
3280,gaqv9f6,t3_jlj3y8
3281,gaqv9gj,t3_jls50o
3282,gaqv9hl,t3_jlkz1q
3283,gaqv9ms,t3_jlkz1q
3284,gaqv9sv,t3_jlkz1q
3285,gaqv9t1,t3_jlnbnr
3286,gaqva00,t3_jlnbnr
3287,gaqva3q,t3_jlnbnr
3288,gaqva76,t3_jll3r9
3289,gaqv3py,t3_jlmv1m
3290,gaqv3rk,t3_jlkz1q
3291,gaqv40o,t3_jlmv1m
3292,gaqv4av,t3_jlp4tv
3293,gaqv4c9,t3_jlkz1q
3294,gaqv4m0,t3_jlmv1m
3295,gaqv4p4,t3_jlkz1q
3296,gaqv4qr,t3_jlnbnr
3297,gaqv4zd,t3_jlgwiz
3298,gaqv508,t3_jlj26s
3299,gaqv597,t3_jlhr2i
3300,gaqv5qb,t3_jll3r9
3301,gaqv5s3,t3_jlp4tv
3302,gaqv626,t3_jk9pqe
3303,gaqv6ch,t3_jlnbnr
3304,gaqv6e3,t3_jlkz1q
3305,gaqv6qp,t3_jlkz1q
3306,gaqv6sn,t3_jldpu2
3307,gaqv6sx,t3_jlkz1q
3308,gaqv6x9,t3_jldpu2
3309,gaqv6xf,t3_jlkz1q
3310,gaqv764,t3_jlkz1q
3311,gaqv7ia,t3_jlksos
3312,gaqv7xc,t3_jlmv1m
3313,gaqv7yh,t3_jlkz1q
3314,gaqv7ym,t3_jlkz1q
3315,gaqv89m,t3_jlkz1q
3316,gaqv8jt,t3_jlkz1q
3317,gaqv8kf,t3_jls5lf
3318,gaqv91v,t3_jlkz1q
3319,gaqv952,t3_jlkz1q
3320,gaqv96w,t3_jlkz1q
3321,gaqv9f6,t3_jlj3y8
3322,gaqv9gj,t3_jls50o
3323,gaqv9hl,t3_jlkz1q
3324,gaqv9ms,t3_jlkz1q
3325,gaqv9sv,t3_jlkz1q
3326,gaqv9t1,t3_jlnbnr
3327,gaqva00,t3_jlnbnr
3328,gaqva3q,t3_jlnbnr
3329,gaqv3py,t3_jlmv1m
3330,gaqv3rk,t3_jlkz1q
3331,gaqv40o,t3_jlmv1m
3332,gaqv4av,t3_jlp4tv
3333,gaqv4c9,t3_jlkz1q
3334,gaqv4m0,t3_jlmv1m
3335,gaqv4p4,t3_jlkz1q
3336,gaqv4qr,t3_jlnbnr
3337,gaqv4zd,t3_jlgwiz
3338,gaqv508,t3_jlj26s
3339,gaqv597,t3_jlhr2i
3340,gaqv5qb,t3_jll3r9
3341,gaqv5s3,t3_jlp4tv
3342,gaqv626,t3_jk9pqe
3343,gaqv6ch,t3_jlnbnr
3344,gaqv6e3,t3_jlkz1q
3345,gaqv6qp,t3_jlkz1q
3346,gaqv6sn,t3_jldpu2
3347,gaqv6sx,t3_jlkz1q
3348,gaqv6x9,t3_jldpu2
3349,gaqv6xf,t3_jlkz1q
3350,gaqv764,t3_jlkz1q
3351,gaqv7ia,t3_jlksos
3352,gaqv7xc,t3_jlmv1m
3353,gaqv7yh,t3_jlkz1q
3354,gaqv7ym,t3_jlkz1q
3355,gaqv89m,t3_jlkz1q
3356,gaqv8jt,t3_jlkz1q
3357,gaqv8kf,t3_jls5lf
3358,gaqv91v,t3_jlkz1q
3359,gaqv952,t3_jlkz1q
3360,gaqv96w,t3_jlkz1q
3361,gaqv9f6,t3_jlj3y8
3362,gaqv9gj,t3_jls50o
3363,gaqv9hl,t3_jlkz1q
3364,gaqv9ms,t3_jlkz1q
3365,gaqv9sv,t3_jlkz1q
3366,gaqv9t1,t3_jlnbnr
3367,gaqva00,t3_jlnbnr
3368,gaqv3py,t3_jlmv1m
3369,gaqv3rk,t3_jlkz1q
3370,gaqv40o,t3_jlmv1m
3371,gaqv4av,t3_jlp4tv
3372,gaqv4c9,t3_jlkz1q
3373,gaqv4m0,t3_jlmv1m
3374,gaqv4p4,t3_jlkz1q
3375,gaqv4qr,t3_jlnbnr
3376,gaqv4zd,t3_jlgwiz
3377,gaqv508,t3_jlj26s
3378,gaqv597,t3_jlhr2i
3379,gaqv5qb,t3_jll3r9
3380,gaqv5s3,t3_jlp4tv
3381,gaqv626,t3_jk9pqe
3382,gaqv6ch,t3_jlnbnr
3383,gaqv6e3,t3_jlkz1q
3384,gaqv6qp,t3_jlkz1q
3385,gaqv6sn,t3_jldpu2
3386,gaqv6sx,t3_jlkz1q
3387,gaqv6x9,t3_jldpu2
3388,gaqv6xf,t3_jlkz1q
3389,gaqv764,t3_jlkz1q
3390,gaqv7ia,t3_jlksos
3391,gaqv7xc,t3_jlmv1m
3392,gaqv7yh,t3_jlkz1q
3393,gaqv7ym,t3_jlkz1q
3394,gaqv89m,t3_jlkz1q
3395,gaqv8jt,t3_jlkz1q
3396,gaqv8kf,t3_jls5lf
3397,gaqv91v,t3_jlkz1q
3398,gaqv952,t3_jlkz1q
3399,gaqv96w,t3_jlkz1q
3400,gaqv9f6,t3_jlj3y8
3401,gaqv9gj,t3_jls50o
3402,gaqv9hl,t3_jlkz1q
3403,gaqv9ms,t3_jlkz1q
3404,gaqv9sv,t3_jlkz1q
3405,gaqv9t1,t3_jlnbnr
3406,gaqv3py,t3_jlmv1m
3407,gaqv3rk,t3_jlkz1q
3408,gaqv40o,t3_jlmv1m
3409,gaqv4av,t3_jlp4tv
3410,gaqv4c9,t3_jlkz1q
3411,gaqv4m0,t3_jlmv1m
3412,gaqv4p4,t3_jlkz1q
3413,gaqv4qr,t3_jlnbnr
3414,gaqv4zd,t3_jlgwiz
3415,gaqv508,t3_jlj26s
3416,gaqv597,t3_jlhr2i
3417,gaqv5qb,t3_jll3r9
3418,gaqv5s3,t3_jlp4tv
3419,gaqv626,t3_jk9pqe
3420,gaqv6ch,t3_jlnbnr
3421,gaqv6e3,t3_jlkz1q
3422,gaqv6qp,t3_jlkz1q
3423,gaqv6sn,t3_jldpu2
3424,gaqv6sx,t3_jlkz1q
3425,gaqv6x9,t3_jldpu2
3426,gaqv6xf,t3_jlkz1q
3427,gaqv764,t3_jlkz1q
3428,gaqv7ia,t3_jlksos
3429,gaqv7xc,t3_jlmv1m
3430,gaqv7yh,t3_jlkz1q
3431,gaqv7ym,t3_jlkz1q
3432,gaqv89m,t3_jlkz1q
3433,gaqv8jt,t3_jlkz1q
3434,gaqv8kf,t3_jls5lf
3435,gaqv91v,t3_jlkz1q
3436,gaqv952,t3_jlkz1q
3437,gaqv96w,t3_jlkz1q
3438,gaqv9f6,t3_jlj3y8
3439,gaqv9gj,t3_jls50o
3440,gaqv9hl,t3_jlkz1q
3441,gaqv9ms,t3_jlkz1q
3442,gaqv3py,t3_jlmv1m
3443,gaqv3rk,t3_jlkz1q
3444,gaqv40o,t3_jlmv1m
3445,gaqv4av,t3_jlp4tv
3446,gaqv4c9,t3_jlkz1q
3447,gaqv4m0,t3_jlmv1m
3448,gaqv4p4,t3_jlkz1q
3449,gaqv4qr,t3_jlnbnr
3450,gaqv4zd,t3_jlgwiz
3451,gaqv508,t3_jlj26s
3452,gaqv597,t3_jlhr2i
3453,gaqv5qb,t3_jll3r9
3454,gaqv5s3,t3_jlp4tv
3455,gaqv626,t3_jk9pqe
3456,gaqv6ch,t3_jlnbnr
3457,gaqv6e3,t3_jlkz1q
3458,gaqv6qp,t3_jlkz1q
3459,gaqv6sn,t3_jldpu2
3460,gaqv6sx,t3_jlkz1q
3461,gaqv6x9,t3_jldpu2
3462,gaqv6xf,t3_jlkz1q
3463,gaqv764,t3_jlkz1q
3464,gaqv7ia,t3_jlksos
3465,gaqv7xc,t3_jlmv1m
3466,gaqv7yh,t3_jlkz1q
3467,gaqv7ym,t3_jlkz1q
3468,gaqv89m,t3_jlkz1q
3469,gaqv8jt,t3_jlkz1q
3470,gaqv8kf,t3_jls5lf
3471,gaqv91v,t3_jlkz1q
3472,gaqv952,t3_jlkz1q
3473,gaqv96w,t3_jlkz1q
3474,gaqv9f6,t3_jlj3y8
3475,gaqv9gj,t3_jls50o
3476,gaqv9hl,t3_jlkz1q
3477,gaqv3py,t3_jlmv1m
3478,gaqv3rk,t3_jlkz1q
3479,gaqv40o,t3_jlmv1m
3480,gaqv4av,t3_jlp4tv
3481,gaqv4c9,t3_jlkz1q
3482,gaqv4m0,t3_jlmv1m
3483,gaqv4p4,t3_jlkz1q
3484,gaqv4qr,t3_jlnbnr
3485,gaqv4zd,t3_jlgwiz
3486,gaqv508,t3_jlj26s
3487,gaqv597,t3_jlhr2i
3488,gaqv5qb,t3_jll3r9
3489,gaqv5s3,t3_jlp4tv
3490,gaqv626,t3_jk9pqe
3491,gaqv6ch,t3_jlnbnr
3492,gaqv6e3,t3_jlkz1q
3493,gaqv6qp,t3_jlkz1q
3494,gaqv6sn,t3_jldpu2
3495,gaqv6sx,t3_jlkz1q
3496,gaqv6x9,t3_jldpu2
3497,gaqv6xf,t3_jlkz1q
3498,gaqv764,t3_jlkz1q
3499,gaqv7ia,t3_jlksos
3500,gaqv7xc,t3_jlmv1m
3501,gaqv7yh,t3_jlkz1q
3502,gaqv7ym,t3_jlkz1q
3503,gaqv89m,t3_jlkz1q
3504,gaqv8jt,t3_jlkz1q
3505,gaqv8kf,t3_jls5lf
3506,gaqv91v,t3_jlkz1q
3507,gaqv952,t3_jlkz1q
3508,gaqv96w,t3_jlkz1q
3509,gaqv9f6,t3_jlj3y8
3510,gaqv3py,t3_jlmv1m
3511,gaqv3rk,t3_jlkz1q
3512,gaqv40o,t3_jlmv1m
3513,gaqv4av,t3_jlp4tv
3514,gaqv4c9,t3_jlkz1q
3515,gaqv4m0,t3_jlmv1m
3516,gaqv4p4,t3_jlkz1q
3517,gaqv4qr,t3_jlnbnr
3518,gaqv4zd,t3_jlgwiz
3519,gaqv508,t3_jlj26s
3520,gaqv597,t3_jlhr2i
3521,gaqv5qb,t3_jll3r9
3522,gaqv5s3,t3_jlp4tv
3523,gaqv626,t3_jk9pqe
3524,gaqv6ch,t3_jlnbnr
3525,gaqv6e3,t3_jlkz1q
3526,gaqv6qp,t3_jlkz1q
3527,gaqv6sn,t3_jldpu2
3528,gaqv6sx,t3_jlkz1q
3529,gaqv6x9,t3_jldpu2
3530,gaqv6xf,t3_jlkz1q
3531,gaqv764,t3_jlkz1q
3532,gaqv7ia,t3_jlksos
3533,gaqv7xc,t3_jlmv1m
3534,gaqv7yh,t3_jlkz1q
3535,gaqv7ym,t3_jlkz1q
3536,gaqv89m,t3_jlkz1q
3537,gaqv8jt,t3_jlkz1q
3538,gaqv8kf,t3_jls5lf
3539,gaqv91v,t3_jlkz1q
3540,gaqv952,t3_jlkz1q
3541,gaqv96w,t3_jlkz1q
3542,gaqv3py,t3_jlmv1m
3543,gaqv3rk,t3_jlkz1q
3544,gaqv40o,t3_jlmv1m
3545,gaqv4av,t3_jlp4tv
3546,gaqv4c9,t3_jlkz1q
3547,gaqv4m0,t3_jlmv1m
3548,gaqv4p4,t3_jlkz1q
3549,gaqv4qr,t3_jlnbnr
3550,gaqv4zd,t3_jlgwiz
3551,gaqv508,t3_jlj26s
3552,gaqv597,t3_jlhr2i
3553,gaqv5qb,t3_jll3r9
3554,gaqv5s3,t3_jlp4tv
3555,gaqv626,t3_jk9pqe
3556,gaqv6ch,t3_jlnbnr
3557,gaqv6e3,t3_jlkz1q
3558,gaqv6qp,t3_jlkz1q
3559,gaqv6sn,t3_jldpu2
3560,gaqv6sx,t3_jlkz1q
3561,gaqv6x9,t3_jldpu2
3562,gaqv6xf,t3_jlkz1q
3563,gaqv764,t3_jlkz1q
3564,gaqv7ia,t3_jlksos
3565,gaqv7xc,t3_jlmv1m
3566,gaqv7yh,t3_jlkz1q
3567,gaqv7ym,t3_jlkz1q
3568,gaqv89m,t3_jlkz1q
3569,gaqv8jt,t3_jlkz1q
3570,gaqv8kf,t3_jls5lf
3571,gaqv91v,t3_jlkz1q
3572,gaqv952,t3_jlkz1q
3573,gaqv3py,t3_jlmv1m
3574,gaqv3rk,t3_jlkz1q
3575,gaqv40o,t3_jlmv1m
3576,gaqv4av,t3_jlp4tv
3577,gaqv4c9,t3_jlkz1q
3578,gaqv4m0,t3_jlmv1m
3579,gaqv4p4,t3_jlkz1q
3580,gaqv4qr,t3_jlnbnr
3581,gaqv4zd,t3_jlgwiz
3582,gaqv508,t3_jlj26s
3583,gaqv597,t3_jlhr2i
3584,gaqv5qb,t3_jll3r9
3585,gaqv5s3,t3_jlp4tv
3586,gaqv626,t3_jk9pqe
3587,gaqv6ch,t3_jlnbnr
3588,gaqv6e3,t3_jlkz1q
3589,gaqv6qp,t3_jlkz1q
3590,gaqv6sn,t3_jldpu2
3591,gaqv6sx,t3_jlkz1q
3592,gaqv6x9,t3_jldpu2
3593,gaqv6xf,t3_jlkz1q
3594,gaqv764,t3_jlkz1q
3595,gaqv7ia,t3_jlksos
3596,gaqv7xc,t3_jlmv1m
3597,gaqv7yh,t3_jlkz1q
3598,gaqv7ym,t3_jlkz1q
3599,gaqv89m,t3_jlkz1q
3600,gaqv8jt,t3_jlkz1q
3601,gaqv8kf,t3_jls5lf
3602,gaqv91v,t3_jlkz1q
3603,gaqv3py,t3_jlmv1m
3604,gaqv3rk,t3_jlkz1q
3605,gaqv40o,t3_jlmv1m
3606,gaqv4av,t3_jlp4tv
3607,gaqv4c9,t3_jlkz1q
3608,gaqv4m0,t3_jlmv1m
3609,gaqv4p4,t3_jlkz1q
3610,gaqv4qr,t3_jlnbnr
3611,gaqv4zd,t3_jlgwiz
3612,gaqv508,t3_jlj26s
3613,gaqv597,t3_jlhr2i
3614,gaqv5qb,t3_jll3r9
3615,gaqv5s3,t3_jlp4tv
3616,gaqv626,t3_jk9pqe
3617,gaqv6ch,t3_jlnbnr
3618,gaqv6e3,t3_jlkz1q
3619,gaqv6qp,t3_jlkz1q
3620,gaqv6sn,t3_jldpu2
3621,gaqv6sx,t3_jlkz1q
3622,gaqv6x9,t3_jldpu2
3623,gaqv6xf,t3_jlkz1q
3624,gaqv764,t3_jlkz1q
3625,gaqv7ia,t3_jlksos
3626,gaqv7xc,t3_jlmv1m
3627,gaqv7yh,t3_jlkz1q
3628,gaqv7ym,t3_jlkz1q
3629,gaqv89m,t3_jlkz1q
3630,gaqv8jt,t3_jlkz1q
3631,gaqv8kf,t3_jls5lf
3632,gaqv3py,t3_jlmv1m
3633,gaqv3rk,t3_jlkz1q
3634,gaqv40o,t3_jlmv1m
3635,gaqv4av,t3_jlp4tv
3636,gaqv4c9,t3_jlkz1q
3637,gaqv4m0,t3_jlmv1m
3638,gaqv4p4,t3_jlkz1q
3639,gaqv4qr,t3_jlnbnr
3640,gaqv4zd,t3_jlgwiz
3641,gaqv508,t3_jlj26s
3642,gaqv597,t3_jlhr2i
3643,gaqv5qb,t3_jll3r9
3644,gaqv5s3,t3_jlp4tv
3645,gaqv626,t3_jk9pqe
3646,gaqv6ch,t3_jlnbnr
3647,gaqv6e3,t3_jlkz1q
3648,gaqv6qp,t3_jlkz1q
3649,gaqv6sn,t3_jldpu2
3650,gaqv6sx,t3_jlkz1q
3651,gaqv6x9,t3_jldpu2
3652,gaqv6xf,t3_jlkz1q
3653,gaqv764,t3_jlkz1q
3654,gaqv7ia,t3_jlksos
3655,gaqv7xc,t3_jlmv1m
3656,gaqv7yh,t3_jlkz1q
3657,gaqv7ym,t3_jlkz1q
3658,gaqv89m,t3_jlkz1q
3659,gaqv8jt,t3_jlkz1q
3660,gaqv3py,t3_jlmv1m
3661,gaqv3rk,t3_jlkz1q
3662,gaqv40o,t3_jlmv1m
3663,gaqv4av,t3_jlp4tv
3664,gaqv4c9,t3_jlkz1q
3665,gaqv4m0,t3_jlmv1m
3666,gaqv4p4,t3_jlkz1q
3667,gaqv4qr,t3_jlnbnr
3668,gaqv4zd,t3_jlgwiz
3669,gaqv508,t3_jlj26s
3670,gaqv597,t3_jlhr2i
3671,gaqv5qb,t3_jll3r9
3672,gaqv5s3,t3_jlp4tv
3673,gaqv626,t3_jk9pqe
3674,gaqv6ch,t3_jlnbnr
3675,gaqv6e3,t3_jlkz1q
3676,gaqv6qp,t3_jlkz1q
3677,gaqv6sn,t3_jldpu2
3678,gaqv6sx,t3_jlkz1q
3679,gaqv6x9,t3_jldpu2
3680,gaqv6xf,t3_jlkz1q
3681,gaqv764,t3_jlkz1q
3682,gaqv7ia,t3_jlksos
3683,gaqv7xc,t3_jlmv1m
3684,gaqv7yh,t3_jlkz1q
3685,gaqv7ym,t3_jlkz1q
3686,gaqv89m,t3_jlkz1q
3687,gaqv3py,t3_jlmv1m
3688,gaqv3rk,t3_jlkz1q
3689,gaqv40o,t3_jlmv1m
3690,gaqv4av,t3_jlp4tv
3691,gaqv4c9,t3_jlkz1q
3692,gaqv4m0,t3_jlmv1m
3693,gaqv4p4,t3_jlkz1q
3694,gaqv4qr,t3_jlnbnr
3695,gaqv4zd,t3_jlgwiz
3696,gaqv508,t3_jlj26s
3697,gaqv597,t3_jlhr2i
3698,gaqv5qb,t3_jll3r9
3699,gaqv5s3,t3_jlp4tv
3700,gaqv626,t3_jk9pqe
3701,gaqv6ch,t3_jlnbnr
3702,gaqv6e3,t3_jlkz1q
3703,gaqv6qp,t3_jlkz1q
3704,gaqv6sn,t3_jldpu2
3705,gaqv6sx,t3_jlkz1q
3706,gaqv6x9,t3_jldpu2
3707,gaqv6xf,t3_jlkz1q
3708,gaqv764,t3_jlkz1q
3709,gaqv7ia,t3_jlksos
3710,gaqv7xc,t3_jlmv1m
3711,gaqv7yh,t3_jlkz1q
3712,gaqv7ym,t3_jlkz1q
3713,gaqv3py,t3_jlmv1m
3714,gaqv3rk,t3_jlkz1q
3715,gaqv40o,t3_jlmv1m
3716,gaqv4av,t3_jlp4tv
3717,gaqv4c9,t3_jlkz1q
3718,gaqv4m0,t3_jlmv1m
3719,gaqv4p4,t3_jlkz1q
3720,gaqv4qr,t3_jlnbnr
3721,gaqv4zd,t3_jlgwiz
3722,gaqv508,t3_jlj26s
3723,gaqv597,t3_jlhr2i
3724,gaqv5qb,t3_jll3r9
3725,gaqv5s3,t3_jlp4tv
3726,gaqv626,t3_jk9pqe
3727,gaqv6ch,t3_jlnbnr
3728,gaqv6e3,t3_jlkz1q
3729,gaqv6qp,t3_jlkz1q
3730,gaqv6sn,t3_jldpu2
3731,gaqv6sx,t3_jlkz1q
3732,gaqv6x9,t3_jldpu2
3733,gaqv6xf,t3_jlkz1q
3734,gaqv764,t3_jlkz1q
3735,gaqv7ia,t3_jlksos
3736,gaqv3py,t3_jlmv1m
3737,gaqv3rk,t3_jlkz1q
3738,gaqv40o,t3_jlmv1m
3739,gaqv4av,t3_jlp4tv
3740,gaqv4c9,t3_jlkz1q
3741,gaqv4m0,t3_jlmv1m
3742,gaqv4p4,t3_jlkz1q
3743,gaqv4qr,t3_jlnbnr
3744,gaqv4zd,t3_jlgwiz
3745,gaqv508,t3_jlj26s
3746,gaqv597,t3_jlhr2i
3747,gaqv5qb,t3_jll3r9
3748,gaqv5s3,t3_jlp4tv
3749,gaqv626,t3_jk9pqe
3750,gaqv6ch,t3_jlnbnr
3751,gaqv6e3,t3_jlkz1q
3752,gaqv6qp,t3_jlkz1q
3753,gaqv6sn,t3_jldpu2
3754,gaqv6sx,t3_jlkz1q
3755,gaqv6x9,t3_jldpu2
3756,gaqv6xf,t3_jlkz1q
3757,gaqv764,t3_jlkz1q
3758,gaqv3py,t3_jlmv1m
3759,gaqv3rk,t3_jlkz1q
3760,gaqv40o,t3_jlmv1m
3761,gaqv4av,t3_jlp4tv
3762,gaqv4c9,t3_jlkz1q
3763,gaqv4m0,t3_jlmv1m
3764,gaqv4p4,t3_jlkz1q
3765,gaqv4qr,t3_jlnbnr
3766,gaqv4zd,t3_jlgwiz
3767,gaqv508,t3_jlj26s
3768,gaqv597,t3_jlhr2i
3769,gaqv5qb,t3_jll3r9
3770,gaqv5s3,t3_jlp4tv
3771,gaqv626,t3_jk9pqe
3772,gaqv6ch,t3_jlnbnr
3773,gaqv6e3,t3_jlkz1q
3774,gaqv6qp,t3_jlkz1q
3775,gaqv6sn,t3_jldpu2
3776,gaqv6sx,t3_jlkz1q
3777,gaqv6x9,t3_jldpu2
3778,gaqv6xf,t3_jlkz1q
3779,gaqv3py,t3_jlmv1m
3780,gaqv3rk,t3_jlkz1q
3781,gaqv40o,t3_jlmv1m
3782,gaqv4av,t3_jlp4tv
3783,gaqv4c9,t3_jlkz1q
3784,gaqv4m0,t3_jlmv1m
3785,gaqv4p4,t3_jlkz1q
3786,gaqv4qr,t3_jlnbnr
3787,gaqv4zd,t3_jlgwiz
3788,gaqv508,t3_jlj26s
3789,gaqv597,t3_jlhr2i
3790,gaqv5qb,t3_jll3r9
3791,gaqv5s3,t3_jlp4tv
3792,gaqv626,t3_jk9pqe
3793,gaqv6ch,t3_jlnbnr
3794,gaqv6e3,t3_jlkz1q
3795,gaqv6qp,t3_jlkz1q
3796,gaqv6sn,t3_jldpu2
3797,gaqv6sx,t3_jlkz1q
3798,gaqv3py,t3_jlmv1m
3799,gaqv3rk,t3_jlkz1q
3800,gaqv40o,t3_jlmv1m
3801,gaqv4av,t3_jlp4tv
3802,gaqv4c9,t3_jlkz1q
3803,gaqv4m0,t3_jlmv1m
3804,gaqv4p4,t3_jlkz1q
3805,gaqv4qr,t3_jlnbnr
3806,gaqv4zd,t3_jlgwiz
3807,gaqv508,t3_jlj26s
3808,gaqv597,t3_jlhr2i
3809,gaqv5qb,t3_jll3r9
3810,gaqv5s3,t3_jlp4tv
3811,gaqv626,t3_jk9pqe
3812,gaqv6ch,t3_jlnbnr
3813,gaqv6e3,t3_jlkz1q
3814,gaqv3py,t3_jlmv1m
3815,gaqv3rk,t3_jlkz1q
3816,gaqv40o,t3_jlmv1m
3817,gaqv4av,t3_jlp4tv
3818,gaqv4c9,t3_jlkz1q
3819,gaqv4m0,t3_jlmv1m
3820,gaqv4p4,t3_jlkz1q
3821,gaqv4qr,t3_jlnbnr
3822,gaqv4zd,t3_jlgwiz
3823,gaqv508,t3_jlj26s
3824,gaqv597,t3_jlhr2i
3825,gaqv5qb,t3_jll3r9
3826,gaqv5s3,t3_jlp4tv
3827,gaqv626,t3_jk9pqe
3828,gaqv3py,t3_jlmv1m
3829,gaqv3rk,t3_jlkz1q
3830,gaqv40o,t3_jlmv1m
3831,gaqv4av,t3_jlp4tv
3832,gaqv4c9,t3_jlkz1q
3833,gaqv4m0,t3_jlmv1m
3834,gaqv4p4,t3_jlkz1q
3835,gaqv4qr,t3_jlnbnr
3836,gaqv4zd,t3_jlgwiz
3837,gaqv508,t3_jlj26s
3838,gaqv597,t3_jlhr2i
3839,gaqv5qb,t3_jll3r9
3840,gaqv5s3,t3_jlp4tv
3841,gaqv3py,t3_jlmv1m
3842,gaqv3rk,t3_jlkz1q
3843,gaqv40o,t3_jlmv1m
3844,gaqv4av,t3_jlp4tv
3845,gaqv4c9,t3_jlkz1q
3846,gaqv4m0,t3_jlmv1m
3847,gaqv4p4,t3_jlkz1q
3848,gaqv4qr,t3_jlnbnr
3849,gaqv4zd,t3_jlgwiz
3850,gaqv508,t3_jlj26s
3851,gaqv597,t3_jlhr2i
3852,gaqv3py,t3_jlmv1m
3853,gaqv3rk,t3_jlkz1q
3854,gaqv40o,t3_jlmv1m
3855,gaqv4av,t3_jlp4tv
3856,gaqv4c9,t3_jlkz1q
3857,gaqv4m0,t3_jlmv1m
3858,gaqv4p4,t3_jlkz1q
3859,gaqv4qr,t3_jlnbnr
3860,gaqv4zd,t3_jlgwiz
3861,gaqv508,t3_jlj26s
3862,gaqv3py,t3_jlmv1m
3863,gaqv3rk,t3_jlkz1q
3864,gaqv40o,t3_jlmv1m
3865,gaqv4av,t3_jlp4tv
3866,gaqv4c9,t3_jlkz1q
3867,gaqv4m0,t3_jlmv1m
3868,gaqv4p4,t3_jlkz1q
3869,gaqv4qr,t3_jlnbnr
3870,gaqv4zd,t3_jlgwiz
3871,gaqv3py,t3_jlmv1m
3872,gaqv3rk,t3_jlkz1q
3873,gaqv40o,t3_jlmv1m
3874,gaqv4av,t3_jlp4tv
3875,gaqv4c9,t3_jlkz1q
3876,gaqv4m0,t3_jlmv1m
3877,gaqv4p4,t3_jlkz1q
3878,gaqv4qr,t3_jlnbnr
3879,gaqv3py,t3_jlmv1m
3880,gaqv3rk,t3_jlkz1q
3881,gaqv40o,t3_jlmv1m
3882,gaqv4av,t3_jlp4tv
3883,gaqv4c9,t3_jlkz1q
3884,gaqv4m0,t3_jlmv1m
3885,gaqv4p4,t3_jlkz1q
3886,gaqv3py,t3_jlmv1m
3887,gaqv3rk,t3_jlkz1q
3888,gaqv40o,t3_jlmv1m
3889,gaqv4av,t3_jlp4tv
3890,gaqv4c9,t3_jlkz1q
3891,gaqv4m0,t3_jlmv1m
3892,gaqv3py,t3_jlmv1m
3893,gaqv3rk,t3_jlkz1q
3894,gaqv40o,t3_jlmv1m
3895,gaqv4av,t3_jlp4tv
3896,gaqv4c9,t3_jlkz1q
3897,gaqv3py,t3_jlmv1m
3898,gaqv3rk,t3_jlkz1q
3899,gaqv40o,t3_jlmv1m
3900,gaqv4av,t3_jlp4tv
3901,gaqv3py,t3_jlmv1m
3902,gaqv3rk,t3_jlkz1q
3903,gaqv40o,t3_jlmv1m
3904,gaqv3py,t3_jlmv1m
3905,gaqv3rk,t3_jlkz1q
3906,gaqv3py,t3_jlmv1m
